#OTUID	FF011	FF012	FF013	FF014	FF015	FF016	FF021	FF022	FF023	FF024	FF025	FF026	FF031	FF032	FF033	FF034	FF035	FF036	FF041	FF042	FF043	FF044	FF045	FF046	FF051	FF052	FF053	FF054	FF055	FF056	FF061	FF062	FF063	FF064	FF065	FF066	FF071	FF072	FF073	FF074	FF075	FF076	FF081	FF082	FF083	FF084	FF085	FF086	FF091	FF092	FF093	FF094	FF095	FF096	FF101	FF102	FF103	FF104	FF105	FF106	FF111	FF112	FF113	FF114	FF115	FF116	FF121	FF122	FF123	FF124	FF125	FF126	FF131	FF132	FF133	FF134	FF135	FF136	FF141	FF142	FF143	FF144	FF145	FF146
ASV_1	79339	78724	79432	79529	79760	79152	77687	78923	74246	74273	77070	79269	38413	39650	55177	54982	39118	59714	7723	40193	32775	16933	24966	26481	18832	39919	13957	14184	23866	21507	15730	59688	32930	9767	27459	19315	18162	27875	19326	21764	21757	14001	14238	34659	23405	14975	34056	23195	21274	30152	37285	22995	47126	25740	18391	30924	46191	29850	30301	21665	35520	41276	41026	28080	60484	46109	19050	42989	36041	23544	36959	49676	36223	33318	40283	17329	56246	45307	42959	22392	29489	17324	32201	54636
ASV_2	41	66	47	118	38	60	68	97	55	908	90	174	415	10143	627	6178	1614	6630	589	17432	16203	13578	5546	24432	2163	4794	17117	23106	11790	11309	8491	5628	8032	16258	15402	28855	32318	29109	25470	33235	21131	36561	35585	28868	32462	33557	19917	28718	24091	30748	19686	39643	13670	34729	41529	30852	14221	26017	13815	39936	22310	20477	17685	26000	6303	19818	39801	21722	20223	18731	11347	17170	5297	27481	18364	28778	8558	18815	13909	37869	17805	31439	17407	11765
ASV_4	32	44	25	28	41	28	32	61	67	2571	95	59	729	8473	5018	8639	3212	4685	553	3873	17650	3520	3951	14083	1142	2484	4063	3551	15405	6185	5953	10192	2516	16721	16359	14872	19304	5582	9566	21089	17862	9083	9847	12393	16398	6167	20904	24958	27580	8358	17062	12817	14913	15819	11293	12974	13412	13878	13729	11614	16248	11362	13184	15730	6890	10642	12983	10954	15546	11314	11806	7277	10296	9461	12510	8666	8928	8346	14390	16774	15017	15724	24321	7081
ASV_3	86	47	92	38	52	64	66	30	75	72	147	72	39961	19861	16615	9562	35759	6768	71488	15398	11300	44820	43629	12853	54669	16115	43193	33693	27851	40054	37228	1647	13000	30769	18472	13433	6109	652	9654	616	8943	17688	5357	184	3090	2479	1803	145	3763	521	1905	776	177	260	1506	737	918	834	1611	152	2121	137	2033	4717	1013	99	1401	33	2374	5376	1973	152	613	1372	2471	8062	2284	503	1139	42	1867	3969	1335	86
ASV_5	21	18	11	8	2	6	12	5	39	18	15	16	37	518	1377	33	47	45	26	2051	267	182	615	70	2168	14204	518	3508	172	108	10254	333	19785	4347	1079	669	1431	13456	12149	291	5593	688	10405	1396	2151	1804	843	173	160	3537	1098	1158	107	419	4489	513	903	1029	139	657	436	558	1815	2551	156	365	3093	125	2834	7137	448	554	417	4079	3599	14416	333	3179	1224	976	6721	8938	1019	766
ASV_7	2	5	1	2	0	3	3	3	10	8	1	1	8	94	820	7	9	6	6	494	58	52	152	16	663	1862	114	794	37	30	1252	71	3074	594	130	147	217	2197	2091	64	622	114	2541	381	415	270	95	36	38	535	210	308	17	66	900	54	164	146	11	150	67	90	223	368	24	60	320	21	378	632	48	59	42	482	369	1095	49	388	157	119	780	840	96	111
ASV_8	65	604	322	66	150	345	522	604	3591	1630	1807	239	8	65	52	52	26	12	14	13	28	11	22	47	30	11	20	23	58	41	30	381	47	13	167	34	24	42	23	32	68	22	22	154	26	51	195	16	54	75	202	35	553	83	34	135	147	111	166	42	157	389	238	53	460	135	85	781	219	517	249	456	607	2001	350	45	599	434	130	63	104	46	115	3389
ASV_9	1	0	0	0	1	26	0	0	0	1	70	3	0	2	0	0	0	0	1	0	1	2	137	1	1	2	1	1	0	8	0	0	0	2	5	193	0	5	0	0	0	2	1	13	13	5085	7	14	18	4	13	10	44	52	1	0	0	9	10	12	0	6	3	0	1	45	42	40	9	2342	3324	298	4640	6	8	9	3	11	238	29	1345	3	66	5
ASV_12	2	5	5	3	7	3	16	3	36	9	31	7	4	24	2	11	7	127	6	13	28	7	63	53	21	31	22	6	40	14	21	70	9	23	34	74	49	24	19	25	123	6	10	24	12	998	101	38	60	27	42	23	222	76	44	66	34	67	168	88	65	143	214	19	245	143	127	126	104	425	504	103	1130	44	65	62	190	100	211	36	175	44	138	70
ASV_13	16	2	2	3	13	12	13	5	10	6	2	2	22	7	8	19	6	12	3	4	25	7	7	7	7	9	6	4	22	5	4	21	4	13	0	6	29	8	8	5	117	12	1	13	21	12	14	15	12	1742	33	10	20	50	17	57	63	228	439	199	69	63	3	0	59	44	9	15	7	23	1	73	33	1	12	0	79	52	3	2	0	6	13	10
ASV_14	0	1	1	0	4	1	7	1	26	1	9	7	4	1	1	9	1	14	2	1	5	2	18	4	3	4	0	3	11	0	4	23	7	9	7	15	12	9	2	13	38	2	2	11	8	359	10	13	18	14	22	3	60	19	8	31	50	136	338	141	17	18	19	4	50	7	25	51	21	316	391	88	768	8	29	10	70	48	99	6	162	13	43	33
ASV_15	0	3	0	0	2	7	27	4	79	2	7	3	1	4	1	12	2	83	3	6	4	6	6	1	4	8	1	3	21	1	3	11	2	8	5	13	15	4	5	2	81	1	4	12	0	134	15	2	17	63	22	7	32	33	0	35	94	34	229	21	36	39	11	25	202	43	33	30	17	95	296	19	371	19	54	30	72	34	58	11	97	16	73	36
ASV_16	0	0	0	0	0	2	0	0	0	0	11	1	0	1	0	0	0	36	0	0	0	0	27	0	1	0	1	0	0	1	0	0	0	0	0	0	0	2	0	0	0	0	0	0	0	747	1	1	0	0	6	3	20	13	0	0	0	0	2	0	0	1	0	0	0	8	0	21	2	443	438	60	634	1	4	1	0	0	26	7	192	0	15	1
ASV_19	16	136	82	19	28	68	129	169	606	370	369	66	0	2	9	3	5	0	1	5	0	1	3	2	1	0	6	3	1	0	0	23	8	1	5	4	0	1	2	1	4	1	3	11	0	2	2	3	3	4	7	0	14	0	4	1	3	2	3	3	6	13	5	1	24	3	1	20	5	3	5	17	4	40	6	2	29	14	1	0	1	2	3	106
ASV_18	0	0	0	0	0	2	0	0	0	0	14	0	0	0	0	0	0	1	0	0	0	1	26	0	0	0	1	0	0	1	0	0	0	3	1	20	0	2	0	0	0	2	0	0	0	468	0	2	3	22	12	3	1	11	0	2	6	4	12	1	0	0	30	0	0	0	0	0	12	331	446	57	402	0	2	17	0	13	52	11	241	1	33	0
ASV_23	4	0	0	1	1	2	14	5	13	0	0	3	1	4	1	6	3	35	0	1	6	0	1	32	3	19	2	3	2	5	6	25	4	18	7	11	9	0	1	17	120	1	3	7	3	6	18	2	8	26	15	3	37	12	19	64	52	287	476	58	2	15	26	10	11	27	40	14	2	7	45	16	237	18	2	24	97	28	11	0	29	21	27	30
ASV_17	0	0	0	0	1	1	0	0	0	0	1	0	0	0	0	0	0	0	0	0	1	0	20	0	0	1	0	0	0	0	0	0	0	0	1	30	0	1	1	0	0	1	0	0	2	335	0	2	0	0	0	1	0	2	0	0	0	0	0	12	1	0	0	1	0	0	0	27	1	233	499	23	649	2	3	2	0	0	47	7	187	0	12	0
ASV_22	0	0	0	0	0	10	0	0	0	3	6	0	0	1	0	0	0	0	0	0	0	1	12	0	0	0	0	0	0	1	0	0	0	0	0	5	0	0	0	1	0	0	0	0	1	468	0	0	2	0	2	0	0	9	0	0	0	0	0	1	0	0	1	0	0	7	7	0	1	309	393	88	469	0	7	2	0	0	8	10	140	0	12	0
ASV_24	1	1	1	1	4	1	41	0	15	4	14	2	0	3	0	10	3	7	0	0	20	3	12	39	1	2	1	1	3	6	1	8	0	4	5	9	1	21	3	11	47	1	2	12	7	24	17	4	21	9	8	5	1	4	3	22	147	211	307	198	48	6	93	1	46	12	23	47	79	0	43	46	1	13	18	16	55	21	2	0	23	19	3	30
ASV_20	1	1	1	0	2	0	7	1	2	0	1	1	3	0	0	0	2	26	2	1	1	0	0	0	2	2	0	0	1	0	0	13	3	2	1	4	7	1	0	4	2	8	1	8	2	0	10	1	3	6	12	0	20	7	2	4	12	18	1489	9	10	41	0	5	0	0	20	0	19	18	5	4	0	5	1	4	50	18	0	2	0	1	20	1
ASV_21	1	0	0	0	0	2	0	0	0	0	4	0	1	3	0	0	0	0	0	0	0	1	14	1	0	0	0	0	0	2	0	0	0	0	0	16	0	1	0	0	6	0	0	0	2	420	0	3	0	1	4	0	22	6	0	0	0	0	2	1	0	0	0	0	0	3	0	0	1	218	322	39	555	1	0	0	0	0	3	5	172	1	28	0
ASV_26	24	24	8	6	80	22	5	43	15	15	33	1	4	18	1	0	3	11	1	5	3	4	3	2	3	6	0	1	6	1	0	63	12	1	3	3	7	9	2	4	3	5	3	18	1	5	0	2	57	68	7	4	48	7	33	21	38	13	16	4	1	85	43	5	32	85	56	6	3	40	12	26	131	94	16	9	18	134	73	9	5	82	14	26
ASV_25	0	0	0	0	0	0	0	0	0	0	2	0	0	1	0	0	1	45	3	0	0	4	15	0	0	0	0	0	1	3	0	7	1	1	0	18	0	0	0	0	1	1	0	0	0	279	1	0	1	0	1	1	2	3	2	32	8	14	16	10	3	1	0	1	1	0	1	0	1	222	390	37	370	2	0	1	7	21	58	1	90	4	15	0
ASV_32	0	5	3	2	1	2	20	3	9	10	10	3	0	6	0	0	2	28	1	8	0	2	4	31	0	9	1	4	5	4	3	30	2	3	10	27	22	1	6	3	62	13	2	3	6	7	25	3	28	11	7	4	26	26	0	28	123	71	46	31	0	42	120	0	53	0	48	101	3	19	39	76	48	10	36	14	95	41	17	1	13	19	20	17
ASV_29	0	0	0	0	0	0	0	0	2	0	0	0	0	0	0	0	0	0	0	0	0	0	0	0	0	0	0	0	0	0	0	0	0	0	0	0	0	0	0	0	0	0	0	0	0	0	0	0	0	0	0	1	0	0	0	0	0	0	0	0	0	0	0	0	0	0	0	0	0	0	1	0	0	0	0	0	0	0	1389	2	1	4	2	4
ASV_27	0	0	0	0	0	0	0	0	0	0	0	0	0	13	0	0	2	0	0	0	0	0	0	0	0	0	0	0	0	0	0	0	0	0	0	0	0	0	0	1	0	0	0	0	0	0	0	0	0	0	0	0	0	0	0	0	0	0	0	0	18	1313	1	2	2	1	2	0	0	1	0	0	0	5	0	15	0	0	0	0	0	0	0	0
ASV_28	0	0	0	0	0	0	0	0	0	0	5	0	0	2	0	0	1	0	0	0	0	0	0	0	3	0	0	0	0	0	0	0	0	0	0	0	0	0	0	0	0	0	0	0	0	0	0	0	0	0	0	0	0	0	0	0	0	0	0	0	2	1137	0	4	0	0	0	2	0	2	5	0	115	31	0	59	0	3	0	0	0	0	0	0
ASV_31	1	0	2	0	6	1	4	2	0	0	3	3	1	1	0	2	2	0	0	0	2	17	1	0	4	0	0	0	6	0	6	51	3	2	0	11	5	5	2	2	40	8	155	4	2	8	4	12	4	2	1	1	39	1	12	97	23	24	93	9	5	19	0	0	2	14	9	7	3	4	55	22	0	220	1	9	28	24	13	13	5	1	1	0
ASV_35	0	0	0	0	0	1	0	0	0	0	3	0	0	0	0	0	0	0	0	0	0	1	16	0	0	0	0	0	0	2	0	0	0	0	0	10	0	4	0	0	0	0	0	0	0	371	0	0	1	0	3	1	0	0	0	0	0	6	0	17	0	0	0	0	2	0	0	0	0	102	202	12	211	2	0	0	0	0	53	12	82	0	0	0
ASV_42	0	0	0	1	1	3	6	0	20	4	5	0	1	3	0	1	1	0	0	0	5	0	3	0	3	0	0	3	7	0	1	0	0	12	12	0	0	1	3	5	23	7	0	13	8	19	7	5	4	4	1	1	204	10	11	4	35	82	20	13	0	1	28	8	27	0	42	40	12	7	27	38	138	0	6	28	25	24	20	15	23	10	1	15
ASV_36	0	0	0	0	0	0	0	0	0	0	2	0	0	0	0	0	0	0	0	0	0	0	7	0	0	0	0	0	0	0	0	0	0	0	4	11	0	0	0	0	0	0	0	0	0	170	2	0	0	0	0	1	16	8	0	0	0	0	0	0	0	0	1	0	0	0	0	0	1	156	249	25	275	1	1	2	0	1	2	7	107	1	3	0
ASV_39	3	0	0	0	0	0	0	2	1	0	6	0	0	0	0	0	0	0	0	0	2	1	7	0	0	0	0	0	0	0	0	22	0	4	0	3	0	1	1	3	9	0	0	1	1	133	14	2	1	2	1	0	21	7	1	9	0	20	170	5	4	11	1	1	0	2	1	11	6	86	170	7	157	0	0	2	7	8	25	2	82	1	2	0
ASV_34	1	1	0	0	2	0	3	2	21	2	0	2	0	6	3	2	0	59	1	1	0	1	1	17	0	4	2	1	5	12	0	15	3	5	8	14	14	7	1	0	4	4	0	14	11	7	14	8	4	7	10	1	29	6	7	13	0	11	46	5	36	39	14	2	0	24	36	22	24	11	17	27	90	8	7	5	93	44	43	1	13	5	14	25
ASV_33	0	0	0	0	0	0	0	0	0	0	0	0	0	0	0	0	0	0	0	0	0	0	0	0	0	0	1	0	0	0	0	0	0	4	0	0	1	0	0	0	0	0	0	0	1	0	0	0	0	0	24	2	0	0	0	0	3	0	0	0	0	2	9	0	0	3	2	1	0	3	1	0	0	5	1	12	0	3	13	0	3	2	907	0
ASV_38	1	1	0	2	1	1	0	0	7	2	1	0	0	0	0	0	5	1	0	0	3	0	3	0	5	8	2	0	1	0	5	0	0	0	2	0	0	0	0	1	0	3	0	1	0	0	9	0	6	8	3	0	1	0	1	13	17	532	89	140	0	1	20	0	0	0	8	0	0	0	18	39	0	0	12	0	1	0	0	0	0	0	13	11
ASV_41	0	0	1	0	1	1	3	4	50	0	5	0	1	0	2	5	0	14	0	0	1	0	5	1	1	1	3	9	6	0	6	10	0	3	0	10	0	4	3	0	10	3	2	1	2	2	14	1	3	0	0	10	51	23	4	7	7	1	22	15	50	0	87	0	36	0	22	117	33	1	20	10	103	24	40	16	1	0	35	4	0	33	12	25
ASV_37	0	1	0	1	0	0	1	1	7	2	1	0	0	11	1	4	0	14	0	0	0	0	7	4	3	1	1	0	13	2	8	4	0	5	4	31	2	7	4	4	114	11	5	10	7	0	21	13	0	19	0	2	0	5	2	13	26	3	35	17	22	20	10	7	0	20	7	59	8	0	8	87	23	24	17	27	11	11	23	5	11	0	27	30
ASV_50	0	0	0	0	1	0	0	1	0	2	5	2	1	0	0	0	1	7	0	0	2	0	1	19	1	0	1	0	12	2	2	14	1	1	10	8	0	0	0	0	11	1	0	0	0	3	25	3	0	6	11	1	276	5	0	1	5	0	9	5	2	0	0	0	48	11	0	0	0	0	36	41	0	3	11	0	145	21	6	1	1	2	18	61
ASV_40	0	0	0	0	0	2	0	0	0	0	6	0	0	0	0	0	0	0	0	2	0	0	9	0	0	0	0	0	0	0	0	0	0	0	0	9	0	2	0	0	0	2	0	1	0	161	0	0	0	1	0	0	0	0	0	0	0	0	0	3	0	0	0	0	1	0	0	0	0	115	108	9	257	0	0	0	1	0	33	4	81	1	0	0
ASV_46	0	0	0	0	0	0	0	0	0	1	2	0	0	1	0	0	0	0	0	0	0	0	15	0	0	0	0	0	0	0	0	0	0	0	1	0	0	0	0	4	0	0	0	0	0	186	4	0	2	91	0	2	10	2	0	0	0	19	0	19	0	1	0	0	0	0	0	0	0	73	108	22	87	7	0	1	0	1	12	7	70	0	17	0
ASV_44	0	0	2	3	1	0	2	5	16	2	6	1	0	1	3	6	0	0	0	1	6	0	1	14	2	0	5	6	7	3	2	69	0	6	2	7	4	9	3	2	11	6	0	5	6	0	1	0	19	4	0	14	21	9	5	0	0	4	11	0	32	0	29	7	7	9	49	0	10	35	42	0	62	4	5	7	0	23	19	0	0	3	37	41
ASV_59	0	0	0	0	2	0	7	0	1	0	4	0	0	4	0	11	0	0	0	4	13	1	1	2	1	5	1	0	0	6	1	0	0	0	0	0	9	1	5	3	20	0	0	5	1	0	0	1	10	4	14	0	24	0	0	38	35	55	71	15	0	1	31	0	40	32	0	0	0	2	1	58	1	10	18	4	0	0	40	0	1	0	0	38
ASV_91	0	0	2	0	0	1	0	1	12	3	3	0	3	3	0	9	0	2	0	0	15	0	8	21	2	2	0	6	5	0	0	0	0	0	1	9	0	4	0	4	2	10	2	0	0	32	1	17	0	21	10	4	0	10	8	1	11	15	80	55	38	42	22	2	0	20	0	0	1	25	59	3	0	0	0	0	0	0	1	0	12	1	25	0
ASV_47	0	1	0	0	0	0	1	0	0	0	3	0	1	0	0	0	0	0	0	0	0	0	8	0	0	0	1	0	0	0	0	0	0	0	0	2	0	0	0	0	0	0	0	12	1	84	0	0	0	0	1	0	0	7	0	5	6	6	8	10	6	0	0	0	0	0	10	0	0	74	37	0	268	1	0	0	0	0	8	8	26	1	6	0
ASV_45	0	0	0	0	0	0	1	1	21	0	0	0	0	1	0	0	0	0	0	0	0	5	0	0	0	0	0	0	0	0	0	0	0	0	0	0	0	10	0	8	0	0	0	0	3	0	0	0	1	0	23	0	0	8	0	0	2	9	14	9	0	0	62	26	157	38	30	39	10	48	0	40	0	1	8	0	0	0	0	0	0	20	0	0
ASV_77	1	0	0	0	1	1	18	0	12	0	0	3	1	1	0	0	1	17	0	0	3	0	0	0	1	5	0	2	1	1	0	0	3	14	1	0	1	0	0	0	0	2	0	0	1	0	11	10	0	9	8	1	0	1	0	11	5	23	30	4	21	0	0	2	84	0	10	40	14	1	52	0	0	0	0	0	0	46	59	0	6	7	18	10
ASV_49	0	0	0	0	0	0	1	0	11	0	0	3	0	0	0	1	0	0	0	0	1	0	1	0	2	6	0	3	1	2	0	51	0	0	0	1	0	0	1	4	47	0	4	0	0	0	9	13	1	7	0	0	32	11	1	1	23	6	0	0	38	1	46	4	0	0	0	0	0	0	0	23	0	0	23	9	74	34	41	0	7	1	0	28
ASV_57	0	0	1	1	5	1	2	3	24	0	6	0	0	6	1	0	0	0	2	0	2	0	0	5	1	0	0	0	0	0	7	2	0	1	11	1	9	0	1	6	50	0	0	0	4	2	0	0	13	7	0	0	0	4	2	40	21	28	50	93	1	29	44	0	0	13	0	0	1	0	2	22	1	10	18	0	0	0	1	0	14	0	0	0
ASV_48	0	0	1	1	0	1	0	2	6	12	28	8	0	0	9	0	1	21	0	1	6	0	1	8	0	0	0	0	1	3	0	0	1	0	1	3	0	1	0	0	3	1	0	0	2	0	11	0	0	0	20	8	103	6	1	0	1	23	10	6	0	0	0	8	5	3	0	7	5	0	27	32	0	0	4	1	55	35	0	1	2	0	4	16
ASV_53	0	0	0	0	0	0	0	0	0	0	1	0	0	0	0	0	0	0	0	0	0	0	7	0	0	0	0	0	0	0	0	0	0	0	0	0	0	0	0	0	0	3	0	5	0	118	0	0	0	0	4	0	0	1	0	0	0	0	0	0	0	0	0	0	0	0	0	0	0	130	60	12	114	0	0	0	0	0	16	0	31	0	0	0
ASV_54	0	0	0	0	1	0	0	1	7	1	0	1	0	2	1	0	0	18	1	1	2	0	0	6	0	0	1	0	3	3	1	0	0	2	10	9	5	3	3	0	9	3	0	0	2	6	4	1	1	4	0	4	6	0	3	2	1	3	12	7	4	1	0	0	33	10	12	69	3	17	20	0	69	6	1	2	50	0	0	0	0	8	15	16
ASV_101	0	0	0	0	0	0	7	0	7	0	1	0	0	0	0	0	0	31	1	0	4	0	0	0	0	0	1	3	0	0	5	2	0	4	4	3	0	0	1	4	4	0	2	7	0	0	0	0	8	7	0	1	27	0	0	15	34	55	119	2	1	0	0	9	0	29	0	0	8	0	1	0	0	10	20	6	0	32	0	0	2	0	0	5
ASV_58	0	0	0	1	0	0	6	0	0	0	1	0	0	0	0	0	0	48	1	0	11	0	0	0	0	4	0	0	7	0	0	25	0	0	12	9	0	1	10	2	39	0	1	1	5	3	0	8	22	3	0	2	0	0	0	1	28	10	30	39	20	0	0	0	65	0	0	0	0	0	0	0	0	0	0	19	0	32	1	7	0	0	0	0
ASV_61	0	0	0	0	2	0	0	0	0	0	1	0	0	0	0	0	0	0	0	0	0	0	1	0	0	0	0	0	0	0	0	15	0	0	0	0	0	0	0	3	0	0	0	0	0	33	0	1	0	203	3	0	0	0	3	0	0	8	0	24	0	0	0	5	0	0	0	0	0	9	10	0	124	0	0	0	0	0	14	1	11	0	0	0
ASV_60	0	0	0	0	1	0	0	0	0	0	0	0	0	0	0	0	0	0	0	0	0	0	1	0	0	0	0	0	0	0	0	0	0	0	0	3	0	2	0	0	0	0	0	0	0	119	0	0	1	0	2	1	0	0	0	0	0	0	1	0	0	1	0	0	0	0	0	0	0	45	122	10	80	0	2	0	0	0	10	2	62	0	0	0
ASV_70	1	0	0	0	0	0	0	0	11	3	0	3	0	2	0	0	0	11	0	0	0	0	1	3	0	0	4	9	3	0	0	16	1	0	0	22	0	0	0	7	0	0	0	0	0	1	0	0	0	17	9	0	0	1	9	25	0	0	31	0	0	0	0	9	26	20	0	23	0	0	0	0	30	16	43	19	0	0	48	17	0	23	1	0
ASV_62	0	0	0	0	0	0	8	1	0	0	0	0	0	0	0	0	0	0	0	0	0	0	0	0	1	6	0	0	0	0	1	14	0	1	0	0	0	2	0	0	5	3	0	0	0	0	1	0	1	7	5	0	0	0	3	1	6	1	385	1	0	0	0	0	0	0	0	0	0	0	0	0	0	0	3	6	0	0	0	0	0	0	0	0
ASV_51	0	0	0	0	0	0	0	2	0	0	0	0	0	0	0	0	0	0	0	0	0	0	3	0	0	0	0	0	0	0	0	0	0	0	0	6	0	0	0	0	0	0	0	0	0	58	0	0	0	0	8	0	0	10	0	0	0	0	0	0	0	0	0	0	0	0	0	0	1	96	49	10	148	0	0	0	0	2	16	0	45	0	0	0
ASV_52	0	0	0	0	0	2	0	0	0	0	0	0	0	0	0	0	0	0	0	0	0	0	5	0	0	0	0	0	0	0	0	0	0	3	0	0	0	2	0	0	0	0	0	0	1	95	0	0	1	0	0	1	0	0	0	0	0	0	0	0	0	0	0	0	0	0	0	0	1	63	70	12	123	0	1	0	0	0	25	0	41	0	8	0
ASV_82	0	0	0	0	0	0	0	1	0	0	0	0	0	0	0	0	2	0	0	0	0	0	9	0	0	0	0	5	0	0	0	0	0	0	0	0	0	0	0	0	0	0	0	0	5	121	6	0	0	0	0	0	0	0	0	0	0	0	56	0	0	0	1	0	0	0	0	0	0	6	18	0	168	0	1	0	0	1	0	0	18	0	24	0
ASV_180	0	0	1	0	1	0	5	0	0	0	0	0	0	0	0	5	0	0	0	2	0	0	1	18	1	4	1	1	1	1	0	0	0	1	1	7	8	2	0	3	11	0	1	0	2	5	11	4	0	7	1	1	8	5	6	10	8	10	108	17	28	6	0	13	0	13	8	0	0	0	25	0	0	9	0	13	0	13	31	0	0	1	1	0
ASV_67	0	0	0	0	0	0	0	0	0	0	0	0	0	0	0	0	0	0	0	0	2	0	10	0	0	0	0	0	0	0	0	0	0	0	0	0	0	1	0	0	0	5	1	1	0	114	1	4	1	14	0	0	0	0	0	5	0	0	0	11	0	0	0	1	0	9	1	0	0	34	70	6	77	0	0	0	0	0	12	0	28	1	14	0
ASV_65	0	0	0	0	2	0	1	0	1	0	0	3	0	0	0	0	1	0	0	0	0	2	1	0	2	0	0	0	0	0	1	0	0	7	0	0	0	0	3	7	0	0	2	0	1	45	1	0	0	14	13	1	47	0	8	12	11	6	35	10	1	1	85	9	0	1	0	0	0	0	21	9	0	1	0	1	1	0	1	4	3	10	0	30
ASV_56	1	0	0	0	0	2	0	1	0	0	3	0	0	0	0	0	0	0	0	0	0	0	5	0	0	0	0	0	0	0	0	0	0	0	0	5	0	0	0	0	0	0	0	0	0	105	0	0	0	0	5	0	0	1	0	0	0	0	0	2	0	0	0	1	0	0	0	2	0	42	100	5	89	0	0	2	0	0	7	0	31	0	1	0
ASV_64	0	0	0	0	1	0	0	1	1	0	1	1	0	0	0	3	1	0	0	0	5	0	1	0	1	1	0	0	0	3	0	1	1	1	0	2	0	0	0	1	0	0	1	0	0	2	0	5	0	250	6	1	0	20	1	6	3	17	20	18	0	23	0	0	0	1	0	0	3	0	0	1	0	0	2	0	1	0	0	0	0	1	1	0
ASV_72	2	0	0	0	0	1	2	2	13	0	0	0	0	0	2	0	0	0	1	0	0	0	0	17	4	5	1	0	1	0	0	0	2	6	10	0	12	1	0	0	21	0	0	0	0	0	42	2	0	0	0	1	0	17	0	1	0	3	0	10	1	0	0	9	61	1	26	61	0	9	0	16	0	0	21	0	14	0	0	3	1	0	1	0
ASV_63	0	0	0	0	0	3	5	1	0	0	0	0	1	0	0	2	0	0	0	0	0	0	0	1	0	3	0	0	0	0	2	7	0	3	0	0	0	0	1	0	0	1	0	0	0	0	0	0	0	1	0	1	0	0	1	3	21	76	72	189	7	0	0	0	0	0	0	0	0	0	0	0	0	0	0	0	0	0	0	0	0	0	0	0
ASV_74	2	0	0	0	0	3	4	0	0	0	0	0	0	0	0	1	4	25	1	2	0	0	0	0	2	0	0	0	0	0	0	0	1	13	0	0	5	0	0	2	0	1	0	0	0	2	0	2	6	0	0	0	0	0	2	9	17	47	103	79	0	0	0	8	0	0	1	0	0	29	10	7	0	0	0	0	0	0	0	2	0	2	2	0
ASV_71	0	0	0	0	0	0	0	0	0	0	8	0	0	0	0	0	0	0	0	0	0	0	0	0	0	0	0	0	0	0	0	0	0	0	0	5	0	1	0	0	0	1	0	0	0	124	0	1	1	0	2	0	0	0	0	0	0	0	0	0	0	0	0	0	0	0	0	0	0	84	85	12	37	0	1	0	0	0	0	1	19	0	0	0
ASV_68	0	0	0	0	0	0	0	0	0	0	0	0	0	0	0	0	0	0	0	0	0	0	0	0	0	0	0	0	0	0	0	0	0	0	0	0	0	0	0	0	0	0	0	0	0	0	0	0	0	0	0	0	0	0	0	0	0	0	359	0	0	0	0	0	0	0	0	0	0	0	0	0	0	0	0	0	0	0	0	0	0	0	0	0
ASV_81	0	0	0	0	0	0	1	0	0	0	1	0	0	0	0	0	0	0	0	1	4	1	2	0	0	4	0	0	0	1	0	0	0	5	0	0	0	0	0	0	11	0	0	4	0	72	1	6	0	1	0	0	0	0	0	0	9	1	19	0	0	0	0	0	0	0	0	2	0	38	36	12	77	2	0	0	0	1	24	2	11	2	5	0
ASV_75	1	0	0	0	0	0	4	0	0	0	1	0	0	0	0	0	0	0	0	0	0	0	0	1	0	12	1	1	0	0	1	49	0	0	0	0	5	0	0	0	0	0	0	0	1	0	0	1	4	8	2	3	0	0	1	4	4	39	110	30	28	0	0	0	0	32	0	0	0	0	0	0	8	0	0	0	0	0	0	4	0	0	0	0
ASV_76	0	0	0	0	0	0	0	2	7	0	1	0	0	1	0	2	0	53	2	1	6	0	0	0	0	2	0	0	0	4	0	7	0	0	1	2	0	1	0	1	6	0	0	5	0	0	7	3	5	3	0	0	14	9	4	0	2	4	11	11	1	22	0	3	42	5	0	18	0	11	42	1	0	0	0	3	0	13	0	0	1	0	4	11
ASV_87	0	0	0	0	0	0	0	0	0	0	0	0	0	2	0	3	0	0	0	0	0	0	0	0	0	5	0	0	0	0	0	0	0	0	0	0	0	0	0	0	0	0	1	0	0	5	0	0	2	0	1	0	6	0	0	0	1	18	151	0	0	0	0	0	38	0	0	0	0	0	25	19	64	0	0	8	0	0	0	0	0	0	0	0
ASV_69	0	0	0	0	0	0	1	0	1	0	0	0	0	2	0	4	0	22	0	1	0	2	1	0	2	2	0	0	0	1	1	0	0	0	4	1	0	0	0	3	7	3	0	0	0	1	0	1	0	0	0	0	12	0	0	10	26	21	44	14	6	16	0	1	0	0	1	7	2	5	9	18	27	0	4	1	12	8	28	5	8	0	0	3
ASV_88	0	0	0	0	0	0	0	1	0	1	1	0	1	0	0	1	1	0	0	0	0	0	0	0	6	0	0	3	6	0	2	2	1	0	0	0	0	0	0	12	46	2	1	3	0	3	0	0	1	13	3	0	7	3	3	7	18	14	33	3	6	3	10	0	0	0	0	0	7	14	12	8	18	1	6	0	4	19	41	0	0	0	1	0
ASV_133	0	0	0	0	0	0	0	2	0	0	1	1	0	1	1	5	0	0	0	0	4	1	0	0	2	0	1	3	6	0	0	20	3	14	0	16	1	1	0	5	6	0	1	3	2	1	0	7	0	0	0	1	13	10	0	1	0	4	0	1	19	38	3	0	3	46	12	0	0	16	0	6	0	0	7	0	0	0	21	9	3	9	14	0
ASV_73	1	0	0	1	2	1	0	0	6	0	10	5	1	1	0	1	0	0	1	0	2	0	0	2	0	0	1	0	0	1	1	1	1	0	1	0	1	0	2	1	6	0	0	0	2	1	8	2	2	0	9	1	55	1	0	4	5	3	17	3	0	1	6	1	7	4	6	4	11	2	10	7	84	0	0	3	18	5	0	0	7	0	2	2
ASV_78	0	2	1	0	1	0	3	1	1	0	0	0	1	0	0	2	1	7	0	0	1	0	0	0	2	6	0	2	1	1	1	1	3	5	3	2	4	0	1	6	19	3	0	0	1	0	1	0	0	9	1	0	25	1	1	14	22	10	71	8	0	0	0	0	5	11	5	2	1	0	0	0	14	0	24	0	11	12	0	1	3	1	0	8
ASV_99	1	1	0	0	0	0	0	0	0	0	0	0	0	0	0	2	0	0	0	0	0	0	1	4	2	0	0	2	0	0	0	0	0	0	0	4	0	2	0	0	1	0	0	3	0	73	0	0	0	10	0	0	0	20	0	4	0	5	3	9	1	0	0	0	0	0	0	0	0	49	38	22	30	1	0	1	0	0	13	7	27	0	6	0
ASV_66	0	0	0	0	0	0	4	4	0	1	0	0	0	0	2	5	0	2	0	0	0	0	4	4	0	0	0	0	1	1	4	1	0	4	0	0	0	1	3	9	4	0	0	0	0	0	5	3	0	3	4	0	0	0	0	25	48	37	58	45	9	0	0	0	0	0	0	0	0	4	3	0	22	6	3	1	6	0	0	0	2	0	0	0
ASV_79	0	0	0	0	0	1	0	0	0	0	0	0	0	1	0	0	0	0	0	0	0	0	2	0	0	0	0	0	0	0	0	0	0	0	0	9	0	0	0	0	0	0	0	2	0	67	0	0	0	0	0	0	20	3	0	0	0	0	0	0	0	0	0	0	0	0	0	0	1	0	67	0	120	0	0	0	0	0	14	0	30	0	0	0
ASV_102	0	0	0	0	0	0	0	1	0	1	0	0	0	1	1	3	0	0	0	0	0	0	3	2	0	1	0	0	0	0	0	1	2	0	0	0	0	0	0	1	0	0	0	0	0	0	0	0	0	0	7	1	1	1	3	32	69	21	123	15	0	0	15	0	0	0	5	0	0	0	0	0	0	3	0	0	14	0	0	3	0	0	0	0
ASV_111	0	0	1	0	0	0	0	0	1	0	1	0	1	0	0	1	1	6	0	0	0	1	0	16	0	0	0	2	0	7	0	4	0	0	14	0	0	1	2	5	8	0	0	2	0	0	0	5	2	1	6	3	0	5	0	3	0	6	26	0	6	7	0	10	19	0	23	68	0	0	1	19	0	0	0	9	0	0	26	0	6	0	0	0
ASV_89	0	0	0	0	0	0	0	0	0	0	1	0	0	3	0	3	0	26	0	2	0	0	0	5	0	4	0	0	0	0	1	45	0	0	6	0	0	1	0	1	7	0	0	0	1	0	7	6	3	0	0	0	0	2	0	3	9	3	14	0	0	0	0	0	30	25	0	3	6	0	1	0	33	0	16	0	20	0	0	0	5	9	0	19
ASV_80	0	0	0	0	0	1	0	0	0	0	0	0	0	1	0	0	0	0	0	0	0	0	0	0	0	0	0	0	0	0	0	0	0	0	0	0	0	0	0	0	0	0	0	0	0	52	0	0	0	1	0	0	0	0	0	0	0	0	0	0	0	0	0	0	0	0	0	0	0	39	53	0	159	0	0	0	0	0	0	0	11	1	0	0
ASV_85	0	0	0	0	0	0	0	1	0	0	0	0	0	0	0	0	0	7	1	0	0	1	3	1	1	0	0	1	0	0	0	13	0	5	0	0	1	0	0	0	2	1	0	0	0	43	0	2	1	7	0	0	0	0	0	0	10	9	0	9	0	0	1	0	0	13	2	19	0	25	17	10	79	0	0	1	0	1	15	0	10	1	2	0
ASV_146	0	0	0	0	1	0	10	0	4	0	11	0	0	0	0	1	3	0	0	1	5	0	0	11	0	0	0	0	0	0	0	0	0	0	0	7	6	2	0	2	5	0	0	0	0	3	0	8	3	7	0	1	0	16	0	3	43	15	24	16	0	1	18	0	0	0	6	0	14	4	3	0	0	0	1	11	2	0	12	1	18	7	4	0
ASV_152	0	0	0	0	0	1	3	0	0	0	2	0	0	1	0	0	0	0	0	0	3	0	1	16	0	0	0	0	0	0	0	0	0	0	0	0	0	0	0	0	1	0	0	0	0	35	0	10	2	1	0	3	0	0	0	0	9	0	30	0	13	0	4	0	49	1	0	29	8	9	31	0	0	0	0	0	0	17	0	0	30	1	0	0
ASV_97	0	0	0	0	0	1	0	0	0	0	0	0	0	1	0	0	0	0	0	0	0	0	12	0	0	1	0	0	1	0	0	0	0	0	0	0	0	0	0	0	0	0	0	0	0	108	0	1	0	56	1	0	0	0	0	0	0	0	0	0	0	0	0	0	0	0	0	0	0	27	26	17	26	0	0	0	0	0	1	5	13	0	13	0
ASV_267	0	0	1	0	0	0	1	1	0	0	0	0	0	0	0	2	0	1	0	0	0	0	0	3	0	0	0	0	0	5	0	0	0	0	0	0	0	1	6	6	31	0	0	0	0	0	0	0	0	3	2	0	0	0	0	1	15	45	24	20	25	11	24	0	0	0	0	0	8	0	0	5	28	0	0	0	33	0	0	3	0	3	0	0
ASV_92	0	0	0	0	0	0	0	0	0	0	0	0	0	0	0	0	0	29	0	0	0	0	1	0	0	0	0	0	0	0	1	0	0	0	1	0	0	0	0	0	0	0	0	0	0	5	0	0	0	0	0	0	0	3	2	1	0	0	0	1	0	0	0	1	1	12	18	34	0	25	13	1	144	0	0	0	0	0	0	0	10	0	0	4
ASV_145	1	1	0	0	0	1	4	0	0	0	1	0	0	1	0	4	0	1	0	0	0	0	0	1	4	0	0	0	0	0	3	15	0	4	0	1	0	2	1	0	0	0	0	7	0	0	0	2	0	11	0	2	0	0	0	20	24	29	116	10	10	0	0	0	1	0	19	0	0	0	0	0	0	0	0	0	0	0	0	0	10	0	0	0
ASV_96	0	0	0	0	1	1	0	3	11	3	0	0	1	0	1	1	2	13	0	0	1	0	0	1	0	4	0	0	2	0	0	1	0	5	0	3	4	0	0	3	14	0	1	0	2	0	2	0	0	0	0	0	2	4	0	31	24	17	67	4	11	16	0	0	13	0	4	0	10	0	0	0	0	0	18	0	1	0	0	0	1	0	0	0
ASV_264	0	0	0	0	0	0	0	0	0	0	1	0	0	1	0	0	0	0	0	0	0	1	3	0	0	0	0	1	0	4	0	0	0	0	0	0	0	0	0	0	1	0	0	0	1	20	0	5	5	31	1	0	8	2	2	6	0	13	88	4	0	0	0	0	0	0	0	0	10	25	34	5	10	12	0	0	0	0	0	0	0	0	0	0
ASV_95	0	0	0	0	1	0	0	0	0	0	0	0	0	0	0	0	0	0	0	0	0	3	2	0	0	0	0	0	6	0	0	0	0	1	0	0	0	3	0	0	0	0	0	3	0	67	0	0	0	0	0	0	0	6	0	0	0	1	0	0	0	0	0	0	0	0	0	0	0	14	80	36	52	1	0	1	0	0	2	0	14	0	0	1
ASV_109	0	0	0	0	0	4	0	0	0	0	0	0	0	0	0	0	0	0	0	0	0	0	0	6	0	0	0	0	0	0	0	0	0	0	0	0	0	0	0	0	0	0	0	0	0	2	1	14	0	0	11	0	0	1	9	1	0	4	195	0	0	0	0	0	1	0	2	38	0	2	1	0	0	0	0	0	0	0	0	0	0	0	1	0
ASV_112	0	0	0	1	0	0	3	0	0	2	6	0	1	2	0	0	2	6	0	2	1	6	1	0	0	0	0	0	0	2	5	5	0	3	0	3	2	2	0	1	0	0	0	0	0	2	0	3	2	8	5	5	0	13	0	9	16	6	17	5	0	31	3	1	0	7	0	2	2	1	16	5	45	0	1	3	2	0	0	0	0	4	13	4
ASV_94	0	0	0	0	0	0	0	0	0	0	0	0	0	0	0	0	3	0	0	0	0	0	0	0	0	0	0	0	1	0	0	7	1	0	1	0	0	0	0	0	8	0	0	0	0	0	0	3	1	3	0	0	0	1	0	13	7	3	129	14	0	0	1	1	25	0	0	0	0	4	0	6	35	0	0	1	12	0	0	0	0	0	0	5
ASV_142	0	1	0	0	0	0	1	0	0	0	0	0	0	0	0	1	0	1	0	0	0	0	0	0	0	2	0	0	0	0	0	0	0	6	0	0	0	0	0	0	0	0	1	4	0	0	0	1	1	0	0	0	0	0	5	9	1	48	37	28	0	20	0	0	0	13	0	45	0	1	0	1	30	0	0	0	0	19	0	0	0	6	1	0
ASV_237	0	0	0	0	0	1	4	0	0	0	3	2	0	0	2	0	0	28	0	0	0	0	0	0	3	0	0	1	5	0	0	38	0	0	0	3	0	0	3	17	9	0	0	0	0	0	0	0	1	25	1	1	0	12	0	3	4	4	1	7	4	0	17	0	0	0	13	0	0	0	24	7	0	1	1	5	0	21	12	0	0	0	0	0
ASV_84	0	0	0	0	1	0	1	5	0	0	0	0	0	0	0	0	0	0	0	0	1	0	0	0	0	0	0	1	0	0	0	5	0	0	3	1	0	1	0	0	26	0	1	0	0	0	3	0	2	4	5	3	12	1	1	1	2	0	0	3	0	13	35	0	28	5	15	12	0	7	0	0	66	0	4	9	0	0	0	0	1	0	1	3
ASV_117	5	4	0	1	4	2	2	4	1	1	1	0	7	5	4	0	4	3	0	0	12	4	4	0	0	2	0	0	4	4	8	1	2	2	0	14	7	0	3	3	1	4	0	0	11	1	15	0	12	10	2	0	3	4	5	2	7	0	8	15	0	0	0	1	0	0	18	0	0	0	0	22	0	0	0	7	4	1	0	0	0	0	0	8
ASV_93	0	0	0	0	0	0	0	0	0	0	0	0	0	0	0	0	0	0	0	0	0	0	0	0	0	0	0	1	0	0	0	0	0	0	0	0	216	0	2	5	9	0	0	2	0	0	0	0	0	0	0	0	0	0	0	6	0	0	4	0	0	0	0	2	30	0	0	1	0	0	0	0	0	0	0	0	0	0	0	0	0	0	0	1
ASV_136	0	0	0	0	0	0	8	0	0	0	0	0	0	0	0	1	0	0	0	0	0	0	0	0	0	0	0	0	0	0	0	0	0	9	0	0	0	0	0	1	0	0	0	0	0	1	0	13	4	7	0	0	0	7	1	2	6	17	123	17	2	0	1	1	0	0	0	51	2	0	0	0	0	0	0	2	0	0	0	0	0	0	0	2
ASV_153	0	1	0	0	0	0	0	0	0	0	2	0	0	0	0	0	0	0	0	0	0	0	0	0	0	0	3	0	0	0	0	0	0	0	7	0	0	0	0	0	11	0	1	0	0	10	0	0	0	0	0	0	1	2	0	0	0	6	160	1	0	0	0	0	0	0	0	0	2	0	37	23	0	0	0	0	0	0	1	0	6	3	0	0
ASV_120	2	2	0	0	0	0	0	3	1	3	0	0	0	0	0	1	1	3	1	2	0	0	3	4	1	7	1	0	0	0	1	2	1	0	0	0	0	0	2	2	18	3	0	12	0	2	8	0	3	2	3	0	8	5	1	6	9	15	8	0	0	0	7	2	22	0	27	0	0	0	25	0	0	0	0	0	1	0	15	0	9	0	14	7
ASV_163	0	0	0	0	0	0	119	0	0	0	1	0	0	0	0	0	0	21	0	0	0	0	0	0	0	0	0	0	0	0	1	0	0	0	4	0	0	0	0	6	0	0	0	0	0	0	0	2	0	0	0	0	0	0	0	0	1	12	15	0	1	33	1	0	0	0	0	0	0	0	0	36	0	0	0	0	4	0	0	0	1	0	16	0
ASV_108	0	0	0	0	0	2	1	0	14	0	1	0	0	0	0	0	0	0	0	0	1	0	0	4	0	0	0	0	0	1	0	0	1	0	6	0	0	0	0	0	8	0	0	0	0	11	0	0	7	11	0	0	0	1	4	3	8	14	35	39	1	1	0	2	0	0	0	0	0	25	18	0	39	0	0	0	0	0	0	4	5	0	0	0
ASV_122	0	0	0	0	0	0	0	0	0	0	0	1	0	0	0	0	0	0	0	0	0	0	0	0	0	0	0	1	2	0	0	0	0	0	0	194	0	0	0	0	0	0	0	1	0	0	0	0	0	12	1	0	0	0	0	0	0	7	0	4	15	0	0	0	2	0	0	8	0	0	0	0	0	0	0	0	0	4	0	2	0	0	0	0
ASV_103	0	0	0	0	0	0	0	0	6	12	4	0	0	0	3	0	0	0	0	2	0	0	0	0	0	0	0	0	0	0	0	0	0	0	3	10	1	0	0	3	0	3	0	0	0	0	6	0	0	0	52	0	16	0	1	13	0	0	0	2	5	5	0	2	0	10	0	0	0	0	11	0	0	0	0	1	0	13	0	8	0	6	23	28
ASV_100	0	0	0	0	0	0	0	0	0	0	0	0	0	0	0	0	0	0	0	0	0	0	1	0	0	0	0	0	0	0	0	1	0	0	0	3	0	0	0	0	0	0	0	0	0	48	0	0	0	0	0	0	0	0	0	0	0	0	0	5	0	1	0	0	21	0	0	0	0	20	28	0	94	1	0	0	0	0	1	6	9	0	0	0
ASV_155	0	0	0	0	0	1	0	0	0	0	0	0	0	6	0	0	0	1	0	0	0	0	0	0	0	1	0	0	0	0	1	0	0	0	0	0	0	0	0	0	0	0	1	0	0	0	0	1	0	0	0	0	0	0	0	0	1	25	155	2	0	0	0	0	0	0	13	0	0	0	31	0	0	0	0	0	0	0	0	0	0	0	0	0
ASV_190	0	0	0	0	1	1	1	1	2	0	0	0	2	5	1	1	1	11	2	0	3	0	1	1	0	3	0	3	0	2	0	0	1	4	0	0	2	0	1	0	24	0	0	0	2	0	2	0	1	0	1	1	0	0	0	0	10	29	16	9	0	30	0	0	24	12	0	0	1	5	0	0	0	0	0	0	13	2	0	2	4	0	0	0
ASV_123	0	0	1	0	0	0	0	0	0	0	0	0	0	0	0	0	0	0	0	0	0	0	0	6	0	0	0	0	0	1	0	0	0	1	0	2	0	2	0	2	0	0	0	0	0	5	1	0	2	7	0	0	0	1	0	7	3	0	101	8	0	6	0	0	42	4	0	11	0	2	10	2	0	0	0	0	1	0	0	0	7	0	0	1
ASV_203	0	0	0	0	0	0	0	0	3	0	0	0	0	0	0	0	0	0	0	0	0	0	0	0	0	0	0	0	0	0	0	0	0	0	0	0	0	0	0	0	0	0	0	0	0	43	0	0	1	0	0	0	0	0	0	0	0	0	0	0	0	0	0	0	0	0	0	0	0	15	77	2	81	0	0	0	0	0	0	2	12	0	0	0
ASV_118	0	0	0	0	0	0	0	1	5	0	2	0	0	0	0	0	0	0	0	0	2	0	0	0	0	0	1	0	0	0	1	9	0	1	2	2	1	1	0	0	1	0	1	1	1	1	2	0	1	0	3	1	19	1	0	0	2	0	0	0	0	7	0	1	13	3	15	2	1	8	11	3	52	4	0	1	28	0	4	0	3	11	4	1
ASV_107	0	0	0	0	0	0	0	0	0	0	0	0	0	0	0	0	0	0	0	0	0	0	0	0	0	0	0	0	0	0	0	0	0	0	0	0	0	0	0	0	0	0	0	0	0	0	0	0	0	0	0	0	0	0	1	1	0	2	150	75	3	0	0	0	0	0	0	0	0	0	0	0	0	0	0	0	0	0	0	0	0	0	0	0
ASV_191	0	0	0	0	0	0	2	0	0	0	0	0	0	0	0	0	1	0	0	1	0	0	1	0	2	0	0	7	0	0	6	0	0	0	0	0	0	0	0	0	0	4	0	0	3	0	0	8	0	1	0	0	0	1	0	6	7	8	33	48	0	9	0	5	0	0	1	0	0	0	0	3	34	0	1	0	0	0	6	1	11	0	0	21
ASV_134	0	0	0	0	0	0	0	0	0	0	0	0	0	0	0	0	0	0	0	0	6	0	0	0	0	0	0	0	0	0	0	0	0	0	0	0	0	0	0	0	0	0	1	0	0	0	0	0	0	0	1	0	0	2	1	0	0	0	194	0	0	0	0	10	0	0	9	0	0	0	0	0	0	0	0	0	0	0	0	0	0	0	4	0
ASV_137	0	0	0	0	0	0	0	0	3	0	0	3	0	0	0	1	0	0	0	0	0	1	0	0	0	0	5	0	0	2	0	0	0	2	1	1	0	0	0	0	0	0	0	3	0	0	20	4	3	9	0	0	0	0	0	0	0	1	8	0	9	0	0	0	28	0	0	1	3	17	0	13	42	0	0	0	0	16	27	0	3	1	0	0
ASV_162	0	1	0	1	1	0	1	0	0	0	5	0	0	0	1	0	0	0	0	0	2	0	0	0	0	1	0	0	0	3	0	19	1	0	2	7	5	5	1	5	0	2	2	8	0	1	0	2	0	6	0	0	23	0	4	0	7	2	8	8	0	0	0	5	0	0	0	0	0	0	50	3	0	10	10	0	0	1	0	0	2	9	2	0
ASV_254	0	0	0	0	0	0	0	0	0	0	1	0	0	0	0	0	0	0	0	0	0	0	0	0	0	0	0	0	0	0	0	0	0	0	0	0	0	0	0	0	0	0	0	0	1	24	0	0	3	0	0	0	0	0	0	7	0	2	0	0	0	0	0	0	0	0	0	0	0	47	53	0	72	0	1	1	0	0	0	5	9	0	0	0
ASV_262	0	0	0	0	0	1	0	0	5	0	2	0	0	0	0	0	0	0	0	0	0	0	1	0	0	0	0	1	0	0	0	0	0	0	0	0	0	0	0	0	0	0	0	0	0	25	0	0	0	0	0	0	0	3	0	0	0	0	13	0	0	0	0	0	0	1	0	0	0	18	67	0	87	0	0	0	0	0	0	0	2	0	0	0
ASV_161	0	0	0	0	0	0	0	0	0	0	0	0	0	0	0	0	0	20	0	0	1	0	0	0	0	0	0	0	0	1	1	0	0	0	0	4	1	1	0	0	16	0	1	0	0	4	0	0	0	1	5	0	0	0	0	4	2	9	2	21	0	0	31	0	43	1	0	0	0	6	19	0	0	0	15	0	0	0	0	1	12	1	0	1
ASV_194	0	0	0	0	1	1	0	0	0	0	9	0	1	0	0	0	0	0	0	0	0	3	1	0	0	3	0	0	0	0	5	0	0	0	0	0	0	5	0	15	2	0	1	0	0	0	0	0	0	16	0	9	0	0	0	26	4	0	26	5	0	0	0	0	0	0	0	0	0	15	0	0	0	1	0	0	25	38	0	1	0	11	0	0
ASV_127	0	1	0	0	0	0	4	0	0	2	2	2	0	0	0	9	0	7	0	0	2	1	2	0	0	0	0	0	0	0	2	6	1	0	0	0	5	0	0	1	0	3	0	0	1	0	0	0	0	0	2	0	28	0	0	7	0	1	10	1	9	0	26	0	0	0	9	17	20	7	0	11	1	0	0	0	8	0	0	0	0	0	0	12
ASV_124	0	0	0	0	0	0	38	0	0	1	0	0	0	0	0	0	0	0	0	0	0	0	0	0	0	0	0	0	0	0	0	0	0	0	0	0	0	0	0	0	0	0	0	0	0	0	0	0	0	0	0	0	0	0	0	0	0	0	17	0	0	0	59	22	80	0	0	0	0	0	0	0	0	2	0	0	0	0	0	0	0	0	0	0
ASV_148	1	1	3	1	4	2	3	0	0	0	2	0	3	1	1	3	0	0	0	0	5	1	1	3	1	0	0	0	3	1	0	0	4	1	0	0	3	2	0	1	0	0	0	1	12	2	1	6	10	5	0	0	12	1	1	3	3	29	33	10	0	0	0	0	0	0	12	0	0	0	14	0	0	0	0	0	0	0	0	1	0	0	12	0
ASV_185	0	0	0	0	0	1	7	0	0	0	5	0	0	0	0	0	0	0	0	0	0	0	0	1	0	0	0	2	0	0	2	0	0	0	0	0	0	4	0	1	0	1	0	0	1	0	0	0	0	0	0	0	0	0	0	0	11	0	19	0	30	1	0	0	118	0	0	0	0	0	0	0	0	0	0	0	1	0	0	0	0	1	0	13
ASV_129	0	0	0	0	0	0	0	0	0	0	0	0	0	0	0	0	0	0	0	0	0	0	7	0	0	0	0	0	0	0	0	0	0	0	0	0	0	0	0	0	0	0	0	0	0	56	0	0	0	1	0	0	0	0	0	0	0	0	0	0	0	0	0	0	0	0	0	0	0	16	40	0	68	0	1	0	0	0	13	0	14	0	0	0
ASV_119	0	0	0	0	0	0	0	0	0	0	0	0	0	0	0	0	0	0	0	0	0	0	0	0	0	0	0	0	0	0	0	0	0	0	0	0	0	0	0	0	0	0	0	0	0	0	0	0	0	0	0	0	1	0	0	0	0	0	214	0	0	0	0	0	0	0	0	0	0	0	0	0	0	0	0	0	0	0	0	0	0	0	0	0
ASV_248	0	0	0	0	0	0	0	0	0	0	0	0	0	0	0	2	0	0	0	0	0	0	0	16	0	0	0	4	5	1	2	15	0	5	8	0	1	2	0	2	21	0	0	0	0	0	6	0	1	0	1	5	11	0	0	0	2	2	4	0	3	0	0	0	13	1	0	0	7	0	5	5	29	4	13	6	0	4	0	0	2	5	0	0
ASV_192	0	0	0	0	0	0	0	0	0	0	0	0	0	0	0	0	0	0	0	0	0	0	1	0	0	0	0	0	0	0	0	0	0	0	0	0	0	0	0	0	0	0	0	0	0	35	0	0	0	1	0	0	0	0	0	0	0	0	0	0	0	0	0	0	0	0	1	0	0	44	36	0	25	1	1	0	1	0	36	0	21	0	7	0
ASV_113	0	0	0	0	0	0	0	0	0	0	0	0	0	0	1	0	0	0	0	0	0	1	3	0	0	0	0	0	0	0	1	0	0	0	0	0	0	0	0	0	0	0	0	0	0	44	0	0	0	0	0	0	0	5	0	3	3	1	3	0	0	0	0	0	0	0	0	0	0	7	38	1	73	0	0	1	0	3	5	1	13	0	0	0
ASV_114	0	0	0	0	0	0	0	0	0	0	6	0	0	0	0	0	0	0	0	0	0	0	0	0	0	0	0	0	0	0	0	0	0	0	0	0	0	0	0	0	0	0	0	0	0	36	1	0	0	0	0	0	0	0	0	0	0	0	0	0	0	0	0	0	0	0	0	0	0	21	45	5	83	0	0	0	0	1	0	9	0	0	0	0
ASV_283	0	0	0	0	0	0	8	0	0	0	0	0	0	10	0	0	0	2	0	0	1	0	4	0	0	1	0	1	0	0	0	0	0	0	0	8	7	2	0	1	0	3	0	0	0	16	0	17	0	0	0	0	0	13	0	19	0	0	0	0	0	0	0	0	0	0	0	0	1	0	0	0	39	0	0	14	0	1	33	3	3	0	0	0
ASV_274	1	2	1	1	1	1	2	4	1	0	1	0	2	2	0	0	3	6	3	2	0	0	0	2	0	1	1	2	4	2	3	1	2	1	1	2	6	0	1	0	1	1	4	2	1	1	0	1	1	2	0	1	14	1	0	9	3	4	9	2	2	0	0	1	14	1	1	1	0	2	1	7	27	0	2	1	21	0	1	1	2	1	0	0
ASV_355	0	0	0	0	0	0	2	0	0	0	0	0	0	0	0	0	0	0	0	1	0	3	1	0	0	0	2	0	0	1	0	0	0	7	0	0	0	0	0	0	7	5	0	1	0	1	6	0	0	12	5	0	35	0	0	0	7	11	59	13	0	0	16	0	0	0	0	0	0	0	0	6	0	0	0	0	0	0	0	0	0	0	0	0
ASV_139	0	0	0	0	0	0	0	0	0	1	0	0	0	0	0	0	0	0	0	0	0	0	0	0	1	0	0	0	0	0	1	2	0	0	1	0	0	1	0	1	0	0	0	0	1	0	0	0	0	0	0	0	0	0	1	17	2	133	6	1	0	18	8	0	0	0	1	0	0	0	2	0	0	0	0	0	0	0	0	0	1	0	0	0
ASV_132	0	0	0	0	0	0	2	0	0	0	0	0	0	0	0	0	0	0	0	0	0	2	3	0	0	0	0	0	0	0	0	0	0	0	0	0	0	0	0	0	0	3	0	0	0	46	0	0	0	4	0	0	0	0	0	0	0	29	86	0	0	0	0	0	0	0	0	0	0	0	0	0	0	0	0	0	0	0	0	0	19	0	4	0
ASV_143	0	1	0	0	0	0	0	0	0	3	0	0	0	0	0	0	0	0	0	0	0	0	0	0	0	2	0	0	0	0	0	0	0	0	0	0	0	0	0	0	0	0	1	0	0	0	0	0	12	0	0	0	0	0	0	1	1	0	0	0	0	0	0	0	0	0	0	0	0	0	0	0	0	10	0	0	0	113	52	0	0	0	0	0
ASV_170	0	0	0	0	1	1	1	0	7	0	1	0	0	0	0	0	0	0	0	0	0	1	1	0	1	0	0	0	0	0	1	0	0	1	17	0	0	0	0	0	19	4	2	1	0	0	0	2	0	14	2	0	0	0	0	4	1	5	34	19	0	0	1	0	0	0	1	0	0	0	0	0	0	0	0	0	0	0	46	1	0	0	0	7
ASV_115	0	0	0	0	0	0	0	0	0	0	0	0	0	0	0	0	0	0	0	0	0	0	0	0	0	0	0	0	0	0	0	0	0	0	0	0	0	0	0	0	0	0	0	0	0	25	0	0	0	1	0	0	0	0	0	0	0	0	0	1	0	0	0	0	0	0	0	0	0	17	75	17	41	0	0	0	0	0	9	0	9	0	0	0
ASV_126	0	0	0	0	0	0	0	0	0	0	0	0	0	0	0	0	0	0	0	0	0	0	0	0	0	0	0	0	0	0	0	0	0	0	0	0	0	1	0	0	0	0	1	0	0	28	0	0	0	0	1	0	0	0	0	0	0	0	0	0	0	2	0	0	1	0	0	0	0	21	33	2	100	0	0	0	0	0	0	0	4	0	1	0
ASV_181	0	0	0	0	0	0	0	0	0	0	0	0	0	0	1	1	0	0	0	0	0	2	0	0	0	3	0	0	0	0	4	0	0	22	0	0	0	0	0	7	0	0	0	0	0	0	6	4	3	0	0	0	0	3	1	14	19	20	18	18	0	0	0	0	0	0	0	0	0	0	0	16	0	0	0	0	0	0	0	0	32	0	0	0
ASV_288	0	0	0	0	0	1	0	0	3	0	0	0	0	0	0	0	0	0	0	4	0	0	0	0	0	1	0	0	0	0	0	0	0	0	0	0	0	0	0	1	0	0	0	0	0	4	0	0	0	0	0	0	0	0	9	5	2	4	18	1	9	0	0	0	0	0	0	0	6	3	10	5	79	8	0	0	20	0	0	0	0	1	0	0
ASV_250	0	2	0	0	1	0	1	0	0	0	0	0	0	0	0	0	2	0	0	0	2	0	0	0	0	2	0	0	1	0	0	0	1	3	0	0	0	0	0	0	4	0	0	0	0	11	12	0	7	0	0	0	0	0	0	3	6	15	16	14	0	0	27	0	0	27	0	0	0	0	13	0	0	0	13	0	0	0	1	0	8	0	0	0
ASV_128	0	0	0	0	0	0	0	0	0	0	1	0	0	0	0	0	0	15	0	1	0	1	0	1	1	1	0	1	1	1	2	17	0	0	0	5	4	2	0	1	3	0	0	0	0	0	0	0	0	0	1	1	14	4	1	1	0	0	47	1	7	4	7	0	0	5	2	0	1	0	0	15	0	0	0	2	0	8	0	3	0	5	0	4
ASV_229	0	0	0	0	0	1	0	0	1	0	0	0	0	0	1	0	0	12	0	0	0	0	0	0	0	0	0	0	0	0	0	0	0	11	2	0	0	0	1	0	12	0	0	0	0	5	0	0	1	6	0	0	14	2	0	7	0	0	58	1	0	0	0	0	27	12	0	0	5	0	5	0	0	0	0	6	1	0	0	0	0	0	0	0
ASV_166	1	4	0	0	0	1	2	2	0	0	0	0	0	1	1	0	0	0	0	3	1	0	0	0	0	0	0	0	0	0	3	0	6	0	0	0	0	0	0	2	0	0	0	1	0	0	0	0	1	0	0	4	0	0	0	5	10	9	15	4	0	0	0	1	72	0	0	0	0	0	24	0	0	0	0	0	1	0	0	0	0	0	16	0
ASV_174	0	0	0	0	0	0	0	0	0	0	0	0	0	0	0	0	0	0	0	0	0	0	0	0	2	0	0	0	0	0	2	0	0	3	0	0	0	0	0	0	0	0	0	3	0	0	0	15	0	7	0	1	0	0	0	0	8	48	44	3	0	0	0	0	0	20	0	0	0	0	19	0	0	0	15	0	0	0	0	0	0	0	0	0
ASV_200	0	0	0	0	0	0	0	0	0	0	0	0	0	0	0	0	0	0	0	0	0	0	0	0	0	0	0	0	0	7	0	56	0	3	0	0	0	0	0	4	0	0	0	0	0	0	10	0	11	0	9	0	0	0	0	0	0	0	5	0	0	0	0	0	0	11	0	50	0	0	0	0	0	0	0	0	0	24	0	0	0	0	0	0
ASV_175	0	0	0	0	0	0	0	0	0	0	0	3	0	0	0	0	0	0	0	0	1	0	0	0	2	0	1	8	0	0	1	0	0	0	0	0	0	0	0	1	16	1	0	0	0	0	0	0	0	0	0	0	0	2	1	12	5	4	9	6	0	0	33	0	0	0	0	0	1	0	0	22	0	0	0	0	45	0	12	0	0	0	0	0
ASV_165	0	0	0	0	0	0	3	1	0	0	0	0	0	0	0	0	0	0	0	0	0	0	0	0	0	0	0	0	1	0	0	0	0	0	0	0	0	0	0	0	0	0	0	0	1	2	9	0	0	0	10	0	18	0	0	0	0	0	0	0	0	0	0	0	0	0	0	0	0	0	0	15	123	0	1	0	0	0	0	0	0	0	0	0
ASV_130	0	0	0	0	0	0	0	0	8	2	0	0	0	0	0	0	0	0	0	0	6	0	0	0	0	0	0	0	0	0	0	0	0	0	0	0	0	0	0	0	25	0	0	0	6	0	0	0	7	0	0	0	21	0	0	0	1	0	0	0	0	0	0	0	0	0	0	0	0	1	0	1	105	0	0	0	0	0	0	0	0	0	0	0
ASV_149	1	0	0	0	0	0	2	0	0	0	0	0	0	0	0	1	0	30	0	0	0	0	0	0	0	0	0	0	0	0	3	0	0	0	0	0	3	0	0	1	0	0	1	0	0	0	0	5	0	4	7	0	0	0	0	0	3	8	88	11	0	0	1	0	0	0	0	0	0	0	0	0	0	0	0	8	0	0	1	0	4	0	0	1
ASV_125	0	0	0	0	0	0	0	0	0	0	3	0	0	0	0	0	0	0	0	0	0	0	3	0	0	0	0	0	0	0	0	0	0	0	0	0	0	0	0	0	0	0	0	0	0	43	0	0	0	0	0	0	0	0	0	0	0	0	0	0	0	0	0	0	0	0	0	0	1	80	11	0	12	0	1	8	0	0	0	0	20	0	0	0
ASV_141	0	0	0	0	0	0	0	0	0	0	0	0	0	0	0	0	0	4	0	0	0	0	1	0	0	0	0	0	0	0	0	0	0	0	0	1	0	0	0	0	0	0	0	0	0	20	0	0	0	0	0	0	0	0	0	0	0	0	0	0	0	0	0	0	0	0	0	1	0	14	35	4	87	0	0	0	0	1	1	0	13	0	0	0
ASV_140	0	0	1	0	0	0	0	0	0	0	0	0	0	0	0	0	0	0	0	0	0	0	0	0	0	0	0	0	0	0	0	0	0	0	0	0	0	0	0	0	0	0	0	0	0	0	0	0	0	0	0	0	0	0	0	0	1	0	178	0	0	0	0	0	0	0	0	0	0	0	0	0	0	0	0	0	0	0	0	0	0	0	0	0
ASV_224	1	0	0	0	0	0	3	0	0	0	0	0	0	0	0	0	0	0	0	0	0	0	0	3	1	0	0	0	0	0	2	26	1	1	1	0	3	0	0	0	11	0	0	0	1	0	0	1	0	0	0	3	0	2	0	0	5	13	20	3	0	7	0	5	12	0	0	0	0	1	6	0	0	1	0	0	6	0	0	0	4	5	22	10
ASV_156	0	0	0	0	0	0	0	0	1	0	0	0	1	0	0	0	0	0	0	0	0	0	1	0	1	0	0	0	0	0	1	1	0	1	0	0	0	0	0	0	0	0	0	2	1	34	0	0	0	0	5	0	0	0	0	0	0	0	0	0	0	0	0	0	0	0	0	0	0	25	66	4	1	1	0	0	0	0	10	0	11	0	0	10
ASV_154	0	0	0	0	0	0	0	0	0	0	0	0	0	0	0	0	0	0	0	0	0	0	1	0	0	0	0	0	1	0	1	0	0	0	0	0	0	0	0	0	0	0	0	0	1	0	0	0	1	0	0	0	0	0	1	0	1	11	0	0	0	0	0	0	0	0	0	0	0	1	0	1	155	0	0	0	0	0	0	0	0	0	0	0
ASV_167	0	0	0	0	0	0	0	0	0	0	4	0	0	0	0	0	0	0	0	0	0	0	0	0	1	0	0	0	0	0	0	0	0	0	0	0	0	0	0	0	0	0	0	0	0	0	0	0	0	13	0	0	28	0	0	12	5	12	9	0	0	0	0	1	0	0	1	0	0	0	0	31	0	0	0	0	55	0	0	1	0	0	0	0
ASV_187	0	0	0	2	0	0	5	0	0	0	0	0	0	0	2	0	0	0	0	0	0	0	0	0	0	0	0	0	0	0	0	0	0	0	0	0	0	0	0	0	0	0	0	0	0	0	0	0	0	0	0	0	1	0	0	0	9	1	142	0	0	0	0	0	0	0	0	0	1	0	0	0	0	0	0	0	0	0	0	0	10	0	0	0
ASV_261	0	0	0	1	0	0	2	0	0	0	0	5	0	3	0	4	0	0	0	0	0	3	0	0	0	0	0	0	0	0	0	0	0	3	0	1	0	0	0	0	0	0	0	12	1	0	0	0	0	0	0	1	0	0	0	0	0	0	0	11	0	0	0	1	0	0	38	55	0	0	0	0	0	0	0	0	0	0	0	5	0	0	24	0
ASV_135	0	0	0	0	0	0	0	0	0	0	0	0	0	0	0	0	0	0	0	0	0	0	0	0	0	0	0	0	0	0	0	0	0	0	0	0	0	0	0	0	0	0	0	0	0	0	0	0	0	0	0	0	0	0	0	0	0	0	0	0	1	0	0	0	0	0	0	0	165	1	0	0	0	1	0	0	0	0	0	0	0	0	0	0
ASV_208	0	0	0	0	0	0	0	0	0	0	0	0	0	0	0	1	0	0	0	0	0	0	0	0	0	0	0	0	0	0	0	0	0	0	0	7	0	0	0	0	3	0	0	0	0	20	0	1	0	0	0	0	0	3	0	0	2	2	24	0	1	0	0	1	13	0	0	0	0	10	20	16	23	0	0	0	1	0	0	0	9	0	0	10
ASV_247	0	0	0	0	0	0	0	0	0	0	0	0	0	0	0	1	0	0	0	0	1	0	0	8	0	0	0	6	0	0	0	0	0	0	0	0	0	0	0	0	0	0	1	0	0	12	0	0	12	6	0	0	0	7	0	0	0	7	3	6	0	10	2	0	0	6	0	0	0	23	10	8	0	0	7	9	0	0	13	0	8	0	0	0
ASV_176	0	0	0	0	0	1	0	0	0	0	0	0	0	0	0	0	0	0	0	0	0	0	1	0	0	0	0	0	0	0	0	0	0	0	0	0	0	0	0	0	0	0	0	0	0	35	1	0	0	1	0	0	0	1	0	0	0	17	0	0	0	0	0	9	0	0	0	0	0	13	0	0	67	0	0	0	0	0	0	0	19	0	0	0
ASV_201	0	0	0	0	0	0	0	0	0	0	0	0	0	0	0	0	0	0	0	0	0	0	0	0	0	0	0	0	0	0	0	0	0	0	0	0	0	0	2	0	0	3	0	0	0	0	21	1	0	0	0	0	0	1	0	7	1	0	11	0	0	34	0	19	0	24	0	0	0	0	39	0	0	0	0	0	0	0	1	0	0	0	0	0
ASV_202	0	0	1	0	0	0	0	0	1	0	1	0	0	0	0	0	0	13	0	0	1	0	0	2	0	0	0	0	1	0	0	3	1	0	1	4	1	0	0	2	0	0	0	0	0	3	1	0	0	0	4	0	5	0	0	1	2	4	4	9	8	5	10	0	12	1	0	1	10	8	4	8	20	0	1	1	1	4	3	0	0	0	0	1
ASV_226	0	0	0	0	0	0	0	0	0	0	0	0	0	0	1	0	0	0	0	0	3	0	0	0	0	0	0	0	0	0	0	0	0	0	0	0	0	0	1	0	0	0	0	0	0	1	0	0	0	0	0	0	0	0	0	3	2	0	0	2	0	0	0	0	0	0	0	0	0	0	0	0	150	0	0	0	0	0	0	0	0	0	0	0
ASV_199	0	0	0	0	0	0	7	0	0	3	0	0	0	1	0	0	0	0	1	0	0	0	1	0	0	0	0	0	3	0	0	0	0	0	0	6	0	0	0	0	0	0	0	0	0	2	0	0	1	4	0	0	0	0	0	0	0	0	131	0	0	0	0	0	0	0	0	0	0	0	0	0	0	0	0	0	0	0	0	0	0	0	0	0
ASV_278	0	0	0	0	0	0	0	0	1	0	2	0	1	0	0	4	0	0	0	0	7	0	4	0	0	1	0	0	7	0	5	0	0	0	0	0	0	0	0	0	0	0	0	0	0	18	0	0	0	5	2	0	0	1	0	2	13	0	53	0	0	0	0	0	0	0	0	0	0	9	14	4	0	0	0	0	0	0	0	0	4	0	3	0
ASV_271	0	0	0	0	1	0	0	0	0	2	2	0	0	0	0	0	0	0	0	0	0	0	0	0	0	0	0	0	1	0	0	0	0	0	0	40	0	0	0	7	26	1	0	0	0	0	0	0	0	2	0	0	0	2	0	0	4	0	0	0	1	0	2	0	0	0	0	0	0	0	1	0	0	0	18	0	47	0	2	0	0	0	0	0
ASV_195	0	0	0	0	0	0	0	0	0	0	0	0	0	0	0	6	0	16	3	0	7	0	1	0	0	0	0	1	1	0	1	0	0	1	0	0	1	0	0	0	19	7	0	0	0	0	0	0	0	0	1	0	1	6	6	0	7	1	7	6	0	0	15	0	0	0	0	0	24	0	0	7	0	0	12	0	1	0	0	0	0	0	0	0
ASV_160	0	0	0	0	0	0	3	0	0	0	0	0	2	0	1	1	0	0	0	4	0	2	0	1	2	0	0	0	0	0	1	4	0	0	0	0	0	0	2	2	0	0	0	13	0	1	0	0	0	0	0	1	27	0	0	1	10	5	7	37	0	0	0	0	0	28	0	0	0	0	0	0	1	0	0	0	0	0	0	0	0	0	0	0
ASV_177	0	0	0	0	0	0	0	0	0	0	0	0	0	0	0	0	0	0	0	0	0	0	0	0	0	0	0	0	0	0	0	0	0	0	0	0	0	0	0	0	0	0	0	0	0	0	0	0	0	0	1	0	0	1	0	0	0	3	151	0	0	0	0	0	0	0	0	0	0	0	0	0	0	0	0	0	0	0	0	0	0	0	0	0
ASV_169	0	0	0	0	0	0	0	0	0	0	0	0	0	0	0	0	0	0	0	0	0	0	1	0	0	0	0	0	0	1	0	0	0	0	0	0	0	0	0	0	0	0	0	1	0	40	0	0	0	0	0	0	0	0	0	0	0	0	0	0	0	0	0	0	0	0	0	0	0	17	26	0	61	0	1	0	0	0	0	0	7	0	0	0
ASV_243	0	0	0	0	0	0	1	0	11	0	0	1	0	0	0	0	0	0	0	1	0	0	0	9	1	0	0	0	0	0	0	0	0	0	0	0	0	0	0	0	0	0	0	0	0	0	15	0	1	0	0	0	0	0	0	0	3	0	0	2	0	14	0	0	0	0	0	19	0	0	0	0	77	0	0	0	0	0	0	0	0	0	0	0
ASV_431	0	0	0	0	1	0	1	0	0	0	0	0	1	0	0	0	0	0	0	0	1	0	0	0	0	1	0	0	0	0	0	0	0	2	0	0	3	0	0	3	14	0	1	0	0	2	5	0	0	3	4	0	0	0	1	3	0	2	10	0	1	11	0	1	7	10	0	8	12	0	5	0	0	5	1	0	19	7	1	2	6	0	0	0
ASV_211	0	0	0	0	0	0	0	0	1	1	0	0	0	0	0	0	0	0	0	0	0	0	1	0	0	0	0	1	0	2	0	0	0	0	0	0	5	0	1	0	24	0	0	0	5	0	0	0	0	6	10	0	0	0	0	0	21	0	17	4	0	0	0	0	0	0	0	0	0	23	10	0	0	0	0	0	0	0	1	0	0	0	20	0
ASV_151	0	0	0	0	0	0	0	0	0	0	0	0	0	0	0	0	0	3	0	0	0	0	2	2	0	0	2	0	0	0	0	14	0	3	2	1	0	0	0	0	0	2	0	3	0	0	2	0	1	0	0	3	0	0	0	0	0	1	6	0	0	0	11	0	17	3	13	2	0	0	3	0	34	6	0	1	5	0	5	0	5	0	0	0
ASV_173	0	0	0	0	0	0	0	0	0	0	0	0	0	0	0	1	0	0	0	0	0	0	0	0	0	0	0	0	0	0	0	0	0	0	0	0	0	0	0	0	0	0	0	0	2	0	0	148	0	0	0	1	0	0	0	0	0	0	0	0	0	0	0	0	0	0	0	0	0	0	0	0	0	0	0	0	0	0	0	0	0	0	0	0
ASV_198	0	0	0	0	0	0	0	0	0	0	0	0	0	0	0	0	0	0	1	0	0	0	0	0	0	0	0	0	0	0	0	0	0	0	0	0	0	0	0	0	0	0	0	0	0	0	0	0	0	0	0	0	0	0	0	3	0	7	112	1	0	0	0	0	0	0	0	0	0	0	0	0	0	0	0	0	26	0	0	0	0	0	1	0
ASV_257	0	1	1	0	1	7	2	6	0	6	4	1	0	0	1	0	0	0	0	1	0	0	0	4	0	0	0	0	0	0	0	0	2	0	0	0	0	0	0	1	0	0	0	3	0	2	0	0	0	0	0	0	0	4	0	0	0	0	0	0	0	0	0	0	25	0	0	17	3	0	13	0	0	0	0	0	46	0	0	0	0	0	0	0
ASV_222	0	1	0	0	0	0	0	1	0	0	0	0	0	0	0	9	0	0	0	0	0	1	0	0	1	0	0	0	0	0	0	0	0	0	0	0	0	0	0	1	0	0	0	0	1	1	0	0	0	0	9	0	0	0	0	0	0	0	0	1	0	0	0	1	0	16	0	10	0	0	0	1	95	0	1	0	0	0	0	0	0	0	0	0
ASV_384	2	5	1	1	0	3	3	1	1	2	1	0	2	1	2	2	1	4	0	0	1	0	3	4	4	5	1	0	0	3	5	1	0	6	6	1	1	0	6	1	8	3	1	0	1	2	2	1	6	2	1	0	0	16	1	1	4	5	12	0	0	0	0	0	0	0	0	0	0	0	0	0	0	0	0	0	0	0	0	0	0	2	0	1
ASV_197	0	0	0	0	0	0	0	0	0	0	0	0	0	0	0	0	0	0	0	0	0	0	0	1	0	0	1	0	0	1	0	9	0	0	0	0	0	0	0	0	0	0	0	0	0	0	0	0	0	0	0	0	0	0	0	0	0	0	126	3	0	0	0	0	0	2	0	0	0	0	0	0	1	0	0	0	0	0	0	0	4	0	0	0
ASV_213	0	0	0	0	0	0	0	0	0	0	0	0	0	0	0	1	0	0	0	0	0	0	1	0	0	0	0	0	0	0	0	0	0	0	0	0	0	0	0	0	0	0	0	0	0	0	0	0	0	4	0	0	0	0	0	0	13	0	3	0	0	0	0	0	51	0	0	0	6	0	0	0	41	0	0	0	0	0	0	0	28	0	0	0
ASV_327	0	0	0	0	0	0	2	0	9	0	0	0	0	0	0	0	0	0	0	0	0	0	0	0	0	0	1	0	0	0	0	0	0	2	0	0	0	0	0	0	3	0	0	0	0	0	0	0	2	0	0	1	0	0	0	1	0	0	87	0	0	0	0	0	0	18	0	0	0	0	0	0	0	0	0	0	0	1	0	0	0	0	0	21
ASV_334	0	0	0	0	0	0	0	0	6	0	0	0	0	0	0	0	0	22	1	0	2	0	0	1	0	0	0	0	0	0	4	0	0	0	0	0	0	0	0	6	0	0	0	6	0	3	0	10	3	0	0	0	0	0	1	0	3	6	0	0	18	0	0	0	0	0	12	0	0	0	0	0	7	0	3	0	0	0	24	0	0	0	0	10
ASV_159	0	0	0	0	0	0	0	0	0	0	5	0	0	0	0	0	0	0	0	0	0	0	2	0	0	0	0	0	0	0	0	0	0	0	0	1	0	0	0	0	0	1	0	0	0	27	0	0	1	0	0	0	0	0	0	0	0	0	0	0	0	0	1	0	0	0	0	0	0	4	34	0	45	0	5	0	0	0	0	3	18	0	0	0
ASV_183	0	0	0	0	0	0	1	1	0	0	0	1	0	0	0	0	0	0	0	0	0	1	0	0	0	0	0	5	0	7	0	0	0	0	3	0	2	3	0	0	0	1	0	0	0	0	23	0	0	0	0	0	0	0	1	0	7	1	0	0	0	0	0	0	30	0	17	0	0	0	0	0	0	0	0	0	13	0	0	0	8	21	0	0
ASV_353	0	0	0	0	0	1	2	0	0	0	0	0	0	0	0	0	0	0	0	0	0	1	0	0	0	0	0	0	0	0	0	0	0	0	0	0	0	0	0	0	12	1	0	0	0	20	0	0	0	1	0	0	0	0	0	0	0	17	14	0	0	0	0	0	0	3	0	0	0	10	0	7	34	9	0	0	0	0	0	0	14	0	0	0
ASV_415	0	0	0	0	0	1	0	0	0	0	2	0	0	0	0	0	0	0	0	0	0	0	0	8	0	1	0	0	0	6	0	0	0	0	1	0	0	1	0	0	0	0	0	0	0	6	20	0	0	0	0	0	21	0	0	0	0	0	2	0	0	0	0	0	19	15	0	0	0	2	22	0	0	0	0	6	0	0	0	0	0	0	13	0
ASV_436	1	0	3	0	2	0	0	0	14	0	0	0	0	0	0	0	1	0	0	0	0	0	0	0	2	1	0	0	0	0	0	0	1	0	0	0	0	0	5	0	0	0	0	1	0	4	0	0	0	0	0	0	0	0	0	12	2	0	16	0	0	0	0	0	33	0	0	24	0	0	0	0	1	0	0	0	0	0	0	0	0	23	0	0
ASV_186	1	0	0	0	1	0	1	0	0	0	0	0	0	1	0	0	1	0	0	0	3	0	0	0	0	0	1	0	1	1	0	0	1	0	1	0	0	0	1	0	42	0	0	0	0	0	0	5	3	0	0	1	0	1	1	5	4	4	19	5	0	5	0	0	0	3	2	1	1	1	7	1	6	0	2	1	1	5	1	1	0	0	0	3
ASV_209	0	0	0	0	2	0	0	0	0	0	0	0	0	0	0	0	0	0	0	0	0	0	0	0	0	0	0	0	0	0	0	1	0	0	0	0	0	0	0	0	0	0	0	0	0	0	0	0	0	9	0	0	0	0	0	0	0	23	2	0	0	0	0	0	0	0	0	0	1	0	21	35	0	0	0	11	0	0	39	0	0	0	0	0
ASV_258	0	0	0	0	2	1	0	0	0	0	0	0	0	0	0	0	0	0	0	0	0	0	0	0	0	0	0	0	0	0	0	0	0	0	0	0	0	0	0	2	0	0	0	0	0	0	1	3	0	0	0	0	0	0	0	0	0	50	1	0	0	0	0	0	0	0	18	0	0	0	0	0	65	0	0	0	0	0	0	0	0	0	0	0
ASV_320	0	0	0	0	0	0	0	0	0	0	0	0	0	0	0	0	0	0	0	0	0	0	2	0	0	0	0	0	0	0	0	0	0	0	0	0	0	0	0	0	0	0	0	0	0	40	0	0	0	0	0	0	0	2	0	0	0	3	0	0	0	0	0	0	0	0	0	0	0	25	16	1	42	0	0	0	0	1	0	0	10	0	0	0
ASV_178	0	0	0	0	0	0	0	0	0	0	0	0	0	0	0	0	0	0	0	0	0	0	0	0	0	0	0	0	0	1	0	0	0	0	0	0	0	0	0	0	0	0	0	7	0	0	0	0	0	0	0	0	0	0	0	2	1	0	0	0	0	0	0	0	0	0	0	0	0	0	0	1	112	0	0	0	0	0	13	0	0	4	0	0
ASV_315	0	0	0	0	0	0	0	0	0	0	0	0	0	0	0	0	0	0	0	0	0	0	1	0	0	0	0	0	0	0	0	0	0	0	0	0	0	0	0	0	0	0	0	0	0	22	0	0	0	0	0	0	0	0	0	0	0	0	0	7	0	0	0	0	0	0	0	0	0	35	22	4	20	0	0	0	0	0	0	0	30	0	0	0
ASV_441	0	0	0	0	0	0	0	0	0	1	11	0	0	0	0	0	0	0	0	0	0	0	0	0	0	0	0	0	0	0	0	0	0	0	0	0	0	0	1	0	0	0	0	0	0	30	0	0	0	0	0	0	0	0	0	0	5	0	0	0	0	0	0	0	0	0	0	0	0	30	0	9	9	0	0	0	0	0	26	0	11	0	7	0
ASV_164	0	0	0	0	0	0	4	0	16	5	3	0	0	0	0	0	0	0	0	0	0	1	0	0	0	0	0	1	0	1	0	0	0	0	2	4	0	0	0	0	0	0	0	0	0	3	0	3	0	0	67	0	7	0	1	0	1	2	0	1	0	0	0	0	0	6	0	0	0	0	0	5	0	0	0	0	0	0	0	0	0	0	0	6
ASV_179	0	0	0	0	0	0	0	0	0	0	0	0	0	0	0	0	0	0	0	0	0	0	0	0	0	0	0	0	0	0	0	0	0	0	0	0	0	0	0	0	0	0	1	0	0	0	0	0	0	0	0	0	0	0	0	0	0	0	111	0	0	0	0	0	0	0	0	0	1	0	0	0	1	0	23	0	0	0	0	0	0	0	0	0
ASV_210	0	0	0	0	1	0	2	0	19	0	0	0	0	0	0	0	1	0	0	0	0	1	1	0	2	0	0	0	0	3	0	0	0	1	0	7	0	0	0	1	0	0	0	0	1	0	0	0	1	4	0	0	0	0	1	0	8	0	64	8	1	3	0	0	0	0	0	0	0	0	0	0	0	0	0	0	0	0	0	0	0	7	0	0
ASV_290	0	0	0	0	0	0	0	0	1	0	0	0	0	0	0	0	1	0	0	0	0	0	0	0	0	0	0	0	0	0	0	0	0	0	0	0	0	0	0	0	0	0	0	0	0	0	0	0	0	0	0	0	0	0	0	0	3	0	0	1	0	0	0	0	0	0	0	0	0	0	0	23	72	0	1	0	0	27	0	0	1	7	0	0
ASV_294	0	0	0	0	0	0	2	0	9	0	0	0	0	0	0	0	0	0	0	1	0	0	0	0	3	0	0	0	0	1	0	0	0	0	0	0	0	0	0	0	13	0	0	0	0	0	0	0	0	2	0	0	0	1	0	0	3	10	2	2	0	0	0	0	1	0	37	0	0	1	0	0	0	13	0	0	0	0	31	1	0	0	4	0
ASV_168	0	0	0	0	0	0	0	0	0	0	1	0	0	0	0	0	0	0	0	0	0	0	0	0	0	0	0	0	0	0	0	0	0	0	0	0	0	0	0	0	0	0	0	0	0	0	0	0	0	0	0	0	0	0	0	0	2	0	133	0	0	0	0	0	0	0	0	0	0	0	0	0	0	0	0	0	0	0	0	0	0	0	0	0
ASV_188	0	0	0	0	0	0	21	0	2	0	0	0	0	0	0	0	0	0	0	0	0	0	0	0	0	0	0	0	0	0	0	13	0	0	1	0	0	0	0	0	0	0	0	0	0	0	0	0	0	0	0	0	0	0	0	0	4	3	70	9	0	0	0	0	0	0	12	0	0	0	0	0	0	0	0	0	0	0	0	0	1	0	0	0
ASV_289	0	0	0	0	0	0	0	0	1	0	0	0	0	2	0	0	0	0	0	0	0	0	0	0	0	0	0	0	0	0	0	0	0	0	0	0	0	0	0	0	0	0	0	0	0	20	0	3	0	0	0	0	0	0	0	4	0	0	9	0	0	0	0	0	1	0	0	8	0	18	32	2	25	0	0	0	0	0	0	1	1	0	9	0
ASV_389	0	0	0	0	0	0	0	0	5	0	0	0	0	0	0	0	0	0	0	1	0	0	0	0	0	0	0	0	0	0	0	0	0	0	0	4	0	0	0	0	0	0	0	0	0	41	0	0	0	0	0	0	0	0	0	0	0	0	0	0	0	0	0	0	0	0	0	0	0	9	22	5	25	1	0	0	0	0	9	0	12	0	0	0
ASV_251	0	0	0	0	0	0	2	0	0	0	3	0	0	0	3	0	0	0	0	0	1	0	0	0	0	0	0	0	0	0	0	0	0	0	0	0	0	0	0	0	0	0	0	0	0	0	0	6	0	1	0	0	0	0	0	12	13	2	0	0	27	0	0	0	0	0	0	0	0	17	0	13	0	0	0	1	0	0	20	0	0	12	0	0
ASV_333	0	0	0	0	0	0	3	0	0	0	1	0	0	0	1	0	0	0	0	0	0	0	0	0	0	0	0	5	0	0	0	0	0	0	0	13	2	0	0	4	0	0	0	2	1	0	5	10	1	4	0	0	18	16	0	0	0	4	4	1	0	0	0	0	0	0	0	0	0	0	0	0	0	0	9	10	0	0	0	0	4	0	15	0
ASV_189	0	0	1	0	0	0	0	0	0	0	0	0	0	0	2	0	0	0	0	0	0	0	0	0	0	0	0	0	0	0	0	0	5	0	1	0	0	0	1	1	0	1	1	0	2	0	1	0	1	0	87	8	0	0	0	0	0	0	0	0	0	1	10	0	0	7	0	0	0	0	0	0	0	0	0	0	0	0	0	0	2	0	0	0
ASV_171	0	0	0	0	0	0	0	0	0	0	5	0	0	0	0	0	0	0	0	0	0	0	0	0	0	0	0	3	2	0	0	5	0	0	0	0	0	0	0	0	5	0	0	0	0	0	0	5	0	3	0	0	0	2	1	0	0	0	6	2	0	0	0	0	13	0	0	0	0	2	13	12	0	0	0	0	36	5	0	0	0	0	3	8
ASV_303	0	0	0	0	0	0	0	0	1	0	2	0	0	0	0	0	0	0	0	0	0	0	1	0	0	0	0	0	0	0	0	0	0	0	0	0	0	0	0	2	0	0	0	0	0	8	0	0	0	0	0	0	0	0	0	1	6	4	6	1	0	0	0	0	0	14	0	0	0	1	28	8	48	0	0	0	0	0	0	0	0	0	0	0
ASV_249	0	0	0	0	0	0	0	0	0	0	0	0	0	0	0	0	0	0	0	1	0	0	0	0	0	0	0	0	0	0	0	0	0	0	0	2	0	0	0	1	0	0	1	0	1	19	0	0	0	0	6	0	0	1	0	0	2	0	4	1	6	9	0	0	1	5	0	0	0	3	16	1	34	0	0	0	0	0	12	0	3	0	0	0
ASV_260	0	0	0	0	0	0	0	0	0	0	0	0	0	0	0	0	0	0	0	0	0	0	0	0	0	0	0	0	0	0	0	0	0	0	0	0	0	0	0	0	0	0	0	0	0	0	0	0	0	0	0	0	0	1	0	0	0	0	128	0	0	0	0	0	0	0	0	0	0	0	0	0	0	0	0	0	0	0	0	0	0	0	0	0
ASV_391	0	0	0	0	0	0	0	0	0	0	0	0	0	0	0	0	0	0	0	0	0	0	2	0	10	0	0	0	0	1	0	0	0	0	4	0	0	0	0	0	0	0	0	0	0	0	7	0	0	0	3	0	0	0	0	0	0	0	0	0	0	0	0	0	66	0	11	0	0	0	0	0	23	0	0	0	0	0	0	0	0	0	1	0
ASV_216	1	0	0	0	0	3	0	0	0	0	0	0	0	0	0	0	0	0	0	0	0	0	0	0	0	1	0	0	0	0	0	4	0	0	0	0	0	0	0	0	8	0	0	0	1	0	0	0	0	0	0	1	1	0	0	2	10	20	31	40	2	0	0	0	0	0	0	0	0	0	0	0	0	0	0	0	0	0	0	0	1	0	0	1
ASV_234	0	0	0	1	0	0	1	0	0	0	0	0	0	0	0	0	0	0	0	0	0	0	1	2	0	0	0	0	1	0	0	0	0	0	1	31	0	0	0	2	18	0	0	0	0	0	0	0	0	0	0	0	0	0	1	0	0	0	0	0	0	0	52	0	0	0	0	0	0	0	0	0	0	0	1	0	0	1	0	1	0	0	13	0
ASV_362	0	0	0	0	0	0	0	0	0	0	0	0	0	0	0	0	0	0	0	0	0	0	0	0	0	0	1	0	0	0	4	0	0	0	0	0	0	0	0	0	4	0	0	0	1	0	0	0	0	0	0	0	36	0	0	0	0	2	14	0	0	0	0	0	0	0	65	0	0	0	0	0	0	0	0	0	0	0	0	0	0	0	0	0
ASV_368	0	0	0	0	0	0	0	0	0	0	0	0	0	0	0	0	0	0	0	0	0	0	0	0	0	0	0	0	0	0	0	0	0	0	0	0	0	0	0	0	12	5	0	0	0	6	12	0	0	0	0	0	0	0	0	0	0	0	0	0	0	0	0	0	0	0	0	0	0	20	0	0	71	0	0	0	0	0	0	0	0	0	0	0
ASV_307	0	0	0	0	0	0	0	0	0	0	0	0	0	0	0	0	0	0	0	0	0	1	0	0	0	0	0	0	0	0	0	5	0	0	0	0	0	0	0	1	1	0	0	0	0	0	0	1	0	4	8	1	0	0	0	0	1	7	84	0	0	0	0	0	0	0	11	0	0	0	0	0	0	0	0	0	0	0	0	0	0	0	0	0
ASV_335	0	0	0	3	0	0	0	0	0	0	6	0	0	6	0	3	0	0	0	0	0	0	0	0	0	0	5	0	0	0	2	20	0	0	0	0	0	0	0	0	4	0	0	0	3	0	0	1	0	3	21	0	0	0	1	0	0	12	0	3	0	0	0	0	1	20	0	0	0	0	0	0	0	0	0	0	0	0	0	0	0	10	1	0
ASV_172	0	0	0	0	0	0	0	0	0	0	3	0	0	0	0	0	0	0	0	0	0	0	1	0	0	0	0	0	0	0	0	0	0	0	0	0	0	0	0	0	0	0	0	0	0	13	0	0	0	0	0	0	0	0	0	0	0	0	0	0	0	0	0	0	0	0	0	0	0	42	52	0	0	0	0	0	0	0	0	2	11	0	0	0
ASV_348	0	0	0	0	0	0	0	0	0	0	0	0	0	0	0	0	0	0	0	0	1	0	0	0	0	0	0	0	0	0	0	0	0	0	0	0	0	0	0	0	0	0	0	0	0	0	0	0	0	0	0	0	0	5	0	15	5	65	33	0	0	0	0	0	0	0	0	0	0	0	0	0	0	0	0	0	0	0	0	0	0	0	0	0
ASV_284	0	0	0	0	0	0	0	0	0	1	0	0	0	0	0	8	0	6	0	0	0	0	0	0	0	1	0	0	0	0	0	0	0	1	0	0	1	0	0	2	3	0	0	0	0	0	1	0	0	0	0	0	0	1	0	4	6	14	4	0	0	5	0	0	60	1	0	0	0	1	0	0	0	0	0	0	2	0	0	1	0	0	0	0
ASV_193	0	0	0	0	1	0	0	0	0	0	0	0	0	0	0	0	0	2	0	0	0	0	0	0	0	0	0	0	0	0	0	0	0	0	0	0	0	0	2	0	0	0	0	1	0	0	0	0	0	0	0	0	0	0	0	0	4	6	0	0	0	0	0	28	0	0	0	0	0	0	0	29	0	0	0	0	0	0	0	48	0	0	0	0
ASV_214	0	0	0	0	0	0	0	0	0	0	0	0	0	1	5	0	0	0	0	0	0	2	3	0	0	0	2	1	9	2	0	0	2	0	0	0	0	0	3	0	0	0	0	0	0	0	0	1	0	0	4	0	24	0	3	0	0	4	0	10	0	0	38	7	0	0	0	0	0	0	0	0	0	0	0	0	0	0	0	0	0	0	0	0
ASV_425	0	0	0	0	0	0	0	0	0	0	0	0	0	0	0	0	0	0	0	0	0	0	0	0	0	0	0	0	0	0	0	0	0	0	0	0	1	0	0	0	0	0	0	0	0	0	0	0	0	0	0	0	25	0	0	0	0	7	5	6	0	59	0	0	0	0	1	0	0	0	0	0	0	7	0	0	0	1	0	1	8	0	0	0
ASV_340	0	0	0	0	0	0	7	0	0	0	1	0	0	0	0	0	0	0	0	0	0	0	0	0	0	0	0	0	0	1	0	0	0	0	0	0	0	0	1	0	0	6	0	0	0	1	0	0	0	0	0	1	1	0	0	19	35	0	25	4	0	0	0	0	0	0	0	0	0	0	0	0	0	0	0	0	0	0	0	18	0	0	0	0
ASV_382	0	0	0	0	0	0	1	0	0	0	0	0	0	0	0	0	0	0	0	0	0	0	0	0	0	0	0	0	0	0	0	0	0	0	0	0	0	0	0	0	0	0	0	0	0	0	0	0	0	0	1	0	1	0	0	0	0	0	112	0	0	0	0	0	0	0	0	0	0	5	0	0	0	0	0	0	0	0	0	0	0	0	0	0
ASV_230	0	0	0	0	0	0	0	0	0	0	0	0	0	0	0	0	0	0	0	0	0	0	0	0	0	0	2	0	5	0	0	0	0	0	0	0	0	0	0	0	9	1	0	0	1	0	0	0	0	0	0	0	0	0	6	0	0	3	18	3	0	0	0	0	42	0	0	0	0	0	0	0	0	0	0	0	1	1	17	10	0	0	0	0
ASV_398	0	0	0	0	0	1	0	0	0	0	0	0	0	0	0	0	0	0	0	0	0	0	1	0	0	0	0	0	0	0	0	0	0	0	0	0	0	0	0	0	0	0	0	0	0	15	0	0	0	0	0	0	0	0	0	0	0	0	0	0	0	0	0	0	0	0	0	0	0	7	35	6	30	0	0	0	0	0	14	0	10	0	0	0
ASV_433	0	0	0	0	0	0	0	0	0	0	0	0	0	0	0	0	0	0	0	0	0	0	3	0	0	0	0	0	0	0	0	1	0	0	0	0	15	0	0	1	0	0	0	0	0	20	0	1	0	0	8	0	0	0	0	2	15	0	0	10	20	0	0	0	0	0	0	15	0	0	0	0	0	0	0	0	0	0	0	0	8	0	0	0
ASV_342	0	0	0	0	0	0	1	0	12	2	2	0	0	0	0	0	0	1	0	0	0	0	1	0	0	0	0	0	0	0	0	0	1	4	0	0	0	0	0	0	0	0	0	0	0	0	3	0	4	5	0	0	8	0	0	2	7	0	11	0	10	0	0	0	0	8	0	0	0	0	0	0	0	0	25	8	0	0	0	3	0	0	0	0
ASV_365	0	0	0	0	0	0	0	0	0	0	0	0	0	0	0	3	0	31	0	0	0	0	0	0	0	0	0	0	0	0	3	1	0	0	0	0	7	0	0	7	0	0	1	0	0	0	0	0	0	0	3	0	1	5	0	4	1	0	3	0	0	0	0	4	40	0	0	0	2	0	0	0	0	0	0	0	0	0	0	0	2	0	0	0
ASV_204	0	0	0	0	0	0	0	0	0	0	0	0	0	0	0	0	0	0	0	0	0	0	0	0	0	0	0	1	0	0	0	0	0	0	1	0	0	0	0	0	0	0	0	0	0	19	0	0	0	0	0	0	0	0	0	1	0	8	22	3	0	0	0	0	0	0	0	0	0	14	15	6	17	0	0	0	0	0	0	1	8	0	1	0
ASV_295	0	0	0	0	0	0	0	0	0	0	0	0	0	0	0	0	0	0	0	0	0	0	0	0	0	0	0	0	0	0	0	0	0	0	0	11	0	0	0	0	0	0	0	0	0	31	0	0	0	4	0	0	0	0	0	0	0	0	0	0	0	0	0	0	0	0	0	0	0	0	0	10	29	0	0	0	0	0	8	7	7	0	10	0
ASV_196	0	0	0	0	0	0	0	0	0	0	0	0	0	0	0	0	0	0	0	0	0	2	0	0	0	0	0	0	0	0	0	0	0	0	0	0	0	0	0	0	0	0	0	0	0	0	0	1	0	18	0	0	0	0	0	0	2	0	0	2	0	0	0	0	0	0	0	0	0	0	0	0	58	0	0	18	15	0	0	0	0	0	0	0
ASV_341	0	0	0	0	0	0	0	1	0	0	5	0	0	0	0	2	0	0	0	0	0	0	0	1	0	0	0	1	0	0	0	0	0	0	0	0	0	0	0	0	1	3	0	0	0	4	0	0	0	0	0	0	0	4	0	9	4	11	0	3	0	0	0	0	30	0	1	0	0	11	0	0	0	0	0	6	11	1	0	6	0	0	0	1
ASV_206	0	0	0	0	0	0	0	0	0	0	0	0	0	0	0	0	0	0	0	0	0	0	3	0	0	0	0	0	0	0	0	0	0	0	0	0	0	0	0	0	0	0	0	0	0	16	0	0	0	0	0	0	0	0	0	0	0	0	0	0	0	0	0	0	0	0	0	0	0	0	36	0	51	0	0	0	0	0	0	0	5	0	0	0
ASV_212	0	0	0	0	0	0	0	0	3	0	0	0	1	0	0	0	0	0	0	0	0	0	0	0	2	0	0	2	2	0	0	5	0	2	0	0	0	0	0	1	1	0	0	0	1	0	0	0	0	0	0	3	0	0	1	0	1	1	15	4	0	0	0	0	0	0	6	5	0	0	0	0	43	0	0	0	0	0	0	0	3	0	0	8
ASV_221	0	0	0	0	0	0	0	0	0	0	0	0	0	0	0	0	0	0	0	0	0	0	0	0	0	0	0	0	0	0	0	0	0	0	0	0	0	1	0	0	0	0	0	0	0	15	0	0	0	0	0	0	0	0	0	0	0	0	0	0	0	0	0	0	0	0	0	0	0	22	16	0	50	0	0	0	0	0	0	0	6	0	0	0
ASV_292	0	0	0	0	0	0	0	0	0	0	0	0	0	0	0	0	0	0	0	0	0	0	5	0	0	0	0	0	1	0	1	0	0	0	0	6	0	0	1	0	17	0	0	0	0	15	0	0	0	0	17	0	0	0	0	0	1	0	0	0	0	0	0	0	0	17	0	0	0	9	2	0	0	0	0	0	0	0	12	2	3	0	0	0
ASV_245	0	0	0	0	0	0	2	0	0	0	0	0	0	0	0	1	0	0	0	0	0	0	0	0	0	0	0	0	0	0	0	0	0	0	0	0	0	0	0	0	16	0	0	0	0	0	0	0	0	0	0	0	0	0	0	1	41	0	8	0	0	0	0	0	1	21	0	0	0	0	0	16	0	0	0	0	0	0	0	0	0	0	0	0
ASV_316	0	0	0	0	0	0	0	0	0	0	0	0	0	0	0	0	0	0	0	0	0	0	0	0	0	0	0	0	0	0	0	0	0	0	0	0	0	0	0	0	0	3	0	0	0	13	0	0	0	0	0	0	0	0	0	0	7	0	12	2	0	0	0	0	24	0	0	0	0	0	14	0	21	0	1	0	0	0	0	0	10	0	0	0
ASV_220	0	0	0	0	0	0	0	0	0	0	0	0	0	0	0	0	0	0	0	0	0	0	0	0	0	0	0	0	0	0	0	0	0	0	0	0	0	0	0	0	0	0	0	0	0	16	1	0	0	0	0	0	0	0	0	0	0	0	0	0	0	0	0	0	0	0	0	0	0	0	15	0	73	0	0	0	0	0	0	0	1	0	0	0
ASV_225	0	0	0	0	0	0	0	0	9	0	0	0	0	0	0	0	0	0	0	0	0	0	0	0	0	0	0	0	0	0	0	0	0	0	0	0	0	0	0	0	0	0	0	0	0	0	0	0	0	5	0	0	0	0	0	0	3	0	89	0	0	0	0	0	0	0	0	0	0	0	0	0	0	0	0	0	0	0	0	0	0	0	0	0
ASV_232	0	0	0	0	0	0	0	0	0	0	0	0	0	0	0	0	0	0	0	0	0	0	0	0	0	0	0	0	0	0	0	0	0	0	0	0	0	0	0	0	0	0	0	0	0	0	0	0	0	0	0	0	0	0	0	0	0	0	0	0	26	0	0	0	0	0	0	0	0	0	0	1	0	0	0	0	0	45	33	0	0	1	0	0
ASV_427	0	0	0	0	0	0	0	0	0	0	0	0	0	0	0	0	0	0	0	0	2	0	0	0	0	0	0	1	0	0	0	0	1	0	0	0	0	0	0	0	11	0	0	0	0	45	0	0	0	4	0	0	0	0	0	0	0	0	0	0	0	0	0	0	0	0	0	0	0	18	24	0	0	0	0	0	0	0	0	0	0	0	0	0
ASV_207	0	0	0	0	0	0	0	0	0	0	0	0	0	0	0	0	0	0	0	0	0	0	0	0	0	0	0	0	0	0	0	0	0	0	0	0	0	0	0	0	0	0	0	0	0	0	0	0	0	0	0	9	0	0	0	0	0	0	0	0	0	0	0	0	0	0	0	0	0	0	0	0	0	0	0	0	0	0	1	0	0	1	94	0
ASV_217	0	0	0	0	0	0	0	0	0	0	0	0	0	0	0	0	0	0	0	0	0	0	1	0	0	0	0	0	0	0	0	0	0	0	0	0	0	1	0	0	0	0	0	0	0	18	0	0	0	0	0	0	0	0	0	0	0	0	0	0	0	0	0	0	0	0	0	0	0	9	0	0	46	0	0	0	0	0	0	1	29	0	0	0
ASV_259	0	0	0	0	0	0	0	0	0	0	0	0	0	0	0	0	0	0	0	0	0	0	1	0	0	0	0	0	0	0	0	0	0	0	0	5	0	0	0	0	0	1	0	0	0	3	0	0	0	0	0	0	0	0	0	0	0	0	0	0	0	0	0	0	0	0	6	0	0	13	46	0	0	0	1	1	0	0	19	0	9	0	0	0
ASV_434	0	0	0	0	0	0	0	0	0	0	1	0	0	0	0	0	0	1	0	1	0	0	0	0	0	0	0	0	0	0	0	0	0	0	0	2	0	0	0	0	17	0	0	0	0	0	0	1	0	0	0	0	0	0	1	0	0	13	8	1	0	0	0	0	0	1	0	27	0	0	0	0	5	0	0	0	0	0	0	0	20	0	5	1
ASV_231	0	0	0	0	0	0	0	0	0	0	0	0	0	0	0	0	0	0	0	0	0	0	1	0	0	0	1	0	0	0	0	0	0	0	0	0	0	0	0	0	0	0	0	0	0	0	0	1	0	0	0	0	0	0	0	0	0	0	0	1	0	0	0	0	1	0	0	0	0	0	0	0	0	0	0	0	0	0	0	0	99	0	0	0
ASV_383	0	0	0	0	0	0	0	0	0	0	0	0	0	0	0	0	0	0	0	0	0	0	0	0	0	0	0	0	0	0	0	0	0	0	0	0	0	0	0	0	0	0	0	0	0	0	0	0	0	0	0	0	0	0	0	0	0	0	0	0	0	0	0	0	73	0	0	0	0	0	0	0	31	0	0	0	0	0	0	0	0	0	0	0
ASV_256	0	0	0	0	0	0	0	0	0	0	0	0	0	0	0	0	0	0	0	0	0	0	0	0	0	0	0	0	0	0	0	0	0	0	0	0	0	0	0	0	12	0	0	0	0	0	0	0	0	0	0	0	0	0	0	0	7	14	35	35	0	0	0	0	0	0	0	0	0	0	0	0	0	0	0	0	0	0	0	0	0	0	0	0
ASV_218	0	0	0	0	0	0	0	0	0	0	0	0	0	0	0	0	0	0	0	0	0	0	0	0	0	0	1	0	0	0	0	0	0	0	0	0	0	0	0	0	0	0	0	0	0	0	0	0	0	0	0	0	0	0	0	0	0	0	100	0	0	0	0	0	0	0	0	0	0	0	0	0	0	0	0	0	0	0	0	0	0	0	0	0
ASV_223	0	0	0	0	0	0	2	0	1	0	0	0	0	0	0	1	0	0	0	0	0	0	0	0	0	0	0	0	1	0	0	0	0	0	0	0	0	0	0	0	0	0	0	0	0	0	0	16	0	0	0	0	39	0	0	0	3	4	0	2	0	0	0	0	0	0	0	0	0	0	0	0	0	0	0	0	32	0	0	0	0	0	0	0
ASV_241	0	0	0	0	0	0	0	0	0	0	0	0	0	0	0	0	0	0	0	0	0	0	0	0	0	0	0	0	0	0	0	0	0	0	0	0	0	0	0	0	0	0	0	0	0	0	0	0	0	0	0	0	0	0	0	0	4	2	93	0	0	0	0	0	0	0	0	0	0	0	0	0	0	0	0	0	0	0	0	0	0	0	0	0
ASV_302	0	0	0	0	0	0	0	1	0	0	0	0	0	0	0	0	0	12	1	0	0	0	0	0	0	0	0	0	0	0	0	0	1	0	0	12	14	0	0	0	0	0	0	8	0	0	0	10	0	0	0	0	0	0	0	0	2	0	0	0	0	0	0	0	0	0	0	0	0	0	0	0	0	0	0	0	23	0	0	14	1	0	0	0
ASV_227	0	0	1	0	0	0	0	0	0	0	1	0	0	0	0	0	0	0	0	0	0	0	0	0	0	0	0	0	0	0	0	0	0	0	0	0	0	0	0	0	0	0	0	0	0	0	0	0	0	0	0	0	0	0	0	0	0	0	96	0	0	0	0	0	0	0	0	0	0	0	0	0	0	0	0	0	0	0	0	0	0	0	0	0
ASV_252	0	0	0	0	0	0	0	0	0	0	0	0	0	0	0	0	0	0	0	0	0	0	2	0	0	0	0	0	0	0	0	0	0	0	0	0	0	0	0	0	0	0	0	3	0	37	0	0	0	0	0	0	0	0	0	0	0	0	0	0	0	0	0	0	0	0	0	0	1	6	24	0	20	0	0	0	0	0	0	0	5	0	0	0
ASV_376	0	0	0	0	0	0	0	0	0	1	2	0	0	0	0	0	0	0	0	0	0	0	0	0	0	0	0	0	0	0	0	0	0	0	0	0	0	0	0	0	0	0	0	0	0	0	0	0	0	0	0	0	0	0	0	0	0	7	62	0	0	0	0	0	26	0	0	0	0	0	0	0	0	0	0	0	0	0	0	0	0	0	0	0
ASV_233	0	0	0	0	0	0	0	0	0	0	0	0	0	0	0	0	0	0	0	0	0	0	0	0	0	0	0	0	0	0	0	0	0	0	0	0	0	0	0	0	0	0	0	0	0	0	0	0	0	0	0	0	0	0	0	0	0	0	0	0	0	0	0	0	0	0	0	0	0	0	0	0	59	0	0	2	0	0	36	0	0	0	0	0
ASV_272	0	0	0	0	0	0	0	0	0	0	0	0	0	0	0	0	0	0	0	0	0	0	0	0	0	0	0	0	0	0	0	0	0	0	0	1	0	0	0	0	0	0	0	0	0	0	0	0	0	0	0	0	0	0	0	0	0	1	0	95	0	0	0	0	0	0	0	0	0	0	0	0	0	0	0	0	0	0	0	0	0	0	0	0
ASV_312	0	0	0	0	0	0	0	0	0	0	0	0	0	0	0	0	0	0	0	0	3	0	0	0	0	0	0	0	0	0	0	0	0	0	0	0	12	0	0	0	0	0	0	0	0	0	0	3	0	0	2	1	0	0	0	0	1	0	0	1	0	0	20	0	17	0	0	0	0	4	12	0	0	0	11	10	0	0	0	0	0	0	0	0
ASV_255	0	0	0	0	0	0	0	0	0	0	0	0	0	0	0	0	0	0	0	0	0	0	0	0	2	0	0	0	0	0	0	0	0	0	0	0	0	0	0	0	0	0	0	0	0	0	0	0	0	0	0	0	0	0	0	0	2	0	0	0	0	0	0	0	0	0	0	0	0	0	1	0	90	0	0	0	0	0	0	0	0	0	0	0
ASV_319	0	0	0	0	0	0	0	0	0	1	0	0	0	0	0	0	0	1	1	0	0	0	0	0	0	2	0	0	0	0	1	0	0	0	0	0	0	0	0	4	0	1	0	0	0	0	0	0	0	11	0	0	0	0	0	0	8	8	0	22	0	19	0	1	0	0	15	0	0	0	0	0	0	0	0	0	0	0	0	0	0	0	0	0
ASV_377	0	0	0	0	0	0	0	0	0	1	0	0	0	0	0	0	0	14	0	0	0	1	0	0	0	0	0	0	0	0	0	0	0	0	0	0	0	0	0	0	0	3	0	6	0	0	0	0	0	0	0	0	24	0	1	0	0	0	0	0	0	0	0	1	0	0	0	40	0	4	0	0	0	0	0	0	0	0	0	0	0	0	0	0
ASV_240	0	0	0	0	0	0	0	0	0	0	0	0	0	0	0	0	0	0	0	0	0	0	0	0	0	0	0	0	0	0	0	0	0	0	0	0	0	0	0	0	0	0	0	0	0	14	0	0	0	0	0	0	0	0	0	0	0	0	0	0	0	0	0	0	0	0	0	0	0	7	49	0	20	0	0	0	0	0	0	0	4	0	0	0
ASV_239	0	0	0	0	0	0	0	0	0	0	0	0	0	0	0	0	0	0	0	0	0	1	0	0	0	0	0	1	0	0	0	0	0	0	0	0	0	0	0	0	0	0	0	0	0	0	0	0	0	0	0	0	0	0	0	0	0	0	46	0	0	0	0	0	0	0	0	0	0	0	0	0	0	0	0	0	45	0	0	0	0	0	0	0
ASV_253	0	0	0	0	0	0	0	0	0	0	0	0	0	0	0	0	0	0	0	0	0	0	0	0	0	0	0	0	0	0	0	0	0	0	0	0	0	0	0	0	0	0	0	0	0	5	0	0	0	0	0	0	0	0	0	0	0	0	0	0	0	0	0	0	0	0	0	0	1	0	14	0	70	0	0	0	0	0	0	0	3	0	0	0
ASV_291	0	0	0	0	0	0	5	0	0	0	0	0	0	0	3	4	0	0	0	0	0	0	0	0	1	0	0	0	0	0	0	0	0	0	0	6	0	0	0	0	8	0	0	0	0	0	0	0	0	0	0	0	0	0	0	5	1	9	6	2	1	11	0	2	0	4	0	0	0	0	0	0	0	0	0	0	0	14	10	1	0	0	0	0
ASV_403	0	0	0	0	0	0	0	0	0	0	0	0	0	0	0	0	0	0	0	0	0	0	0	0	0	0	0	0	0	0	0	0	0	0	0	9	0	0	0	0	0	0	0	0	0	5	0	0	0	0	1	0	0	0	0	0	0	0	0	0	0	0	0	0	0	0	0	0	0	37	0	0	36	1	0	0	0	1	0	0	3	0	0	0
ASV_219	0	0	0	0	0	0	0	0	0	0	0	0	0	0	0	0	0	0	0	0	0	0	0	0	0	0	0	0	0	0	0	0	0	0	0	0	0	0	0	1	0	0	0	0	0	0	0	0	0	0	0	0	0	0	0	0	0	0	91	0	0	0	0	0	0	0	0	0	0	0	0	0	0	0	0	0	0	0	0	0	0	0	0	0
ASV_235	0	0	0	0	0	0	0	0	0	0	0	0	0	0	0	0	0	0	0	0	0	0	0	0	0	0	0	0	0	0	0	0	0	0	0	0	0	0	0	0	0	0	0	0	0	0	0	0	0	6	0	0	0	0	0	0	1	1	81	0	0	0	0	0	0	0	2	0	0	0	0	0	0	0	0	0	0	0	0	0	0	0	1	0
ASV_285	0	0	0	0	0	0	0	0	0	0	0	0	1	0	0	0	0	0	0	0	0	0	0	0	0	0	0	0	0	0	0	0	0	0	0	0	0	0	0	0	0	0	0	0	0	0	0	0	0	0	0	0	0	0	0	0	0	8	0	13	0	0	0	0	70	0	0	0	0	0	0	0	0	0	0	0	0	0	0	0	0	0	0	0
ASV_438	0	0	0	0	1	0	0	0	0	0	0	0	0	0	0	0	0	0	0	0	0	0	1	0	2	0	0	0	0	0	0	0	0	0	0	0	0	0	1	3	4	0	0	0	0	0	0	5	2	0	0	0	1	0	0	11	30	18	3	2	0	1	0	0	0	0	1	0	0	0	0	0	0	0	0	0	0	0	0	0	6	0	0	0
ASV_444	1	0	0	0	0	0	0	0	0	0	0	0	0	0	0	0	1	8	0	0	0	1	0	0	0	0	0	0	0	0	0	0	1	0	0	0	0	0	0	1	0	0	0	0	0	10	0	0	4	0	0	0	0	0	1	0	2	0	24	2	0	0	0	0	1	0	0	0	0	5	11	8	2	0	0	0	0	0	0	0	9	0	0	0
ASV_263	0	0	0	0	0	0	2	0	0	0	0	0	0	0	0	0	0	0	0	0	0	0	0	0	0	0	0	0	0	0	0	0	0	0	0	0	0	0	0	0	0	0	0	0	0	0	0	0	0	0	0	0	0	0	0	5	0	57	9	4	3	0	5	0	0	0	1	5	0	0	0	0	0	0	0	0	0	0	0	0	0	0	0	0
ASV_269	0	0	0	0	0	0	0	0	0	0	3	0	0	0	0	0	0	0	0	0	0	0	2	0	0	0	0	0	0	0	0	0	0	0	0	2	0	0	0	0	0	0	0	0	0	25	0	0	1	0	0	0	0	0	0	0	0	0	0	0	0	0	0	0	0	0	0	0	0	13	12	0	27	0	0	0	0	0	0	0	6	0	0	0
ASV_273	0	0	1	0	0	0	0	0	0	0	0	0	0	0	0	0	0	0	0	0	0	0	0	0	0	0	0	0	0	0	0	0	0	0	0	0	0	0	0	0	0	0	0	0	0	0	0	0	0	0	0	0	1	1	0	0	0	2	86	0	0	0	0	0	0	0	0	0	0	0	0	0	0	0	0	0	0	0	0	0	0	0	0	0
ASV_280	0	0	0	0	0	0	0	0	0	0	0	1	0	0	0	1	0	0	0	0	0	0	0	0	0	0	0	0	0	0	0	0	0	0	0	0	0	0	0	0	0	0	0	0	0	0	0	0	0	0	0	6	0	1	0	0	2	2	77	0	0	0	0	0	0	1	0	0	0	0	0	0	0	0	0	0	0	0	0	0	0	0	0	0
ASV_293	0	0	0	0	0	0	0	0	0	0	0	0	0	0	0	0	0	0	0	0	0	0	0	0	0	0	0	0	0	0	0	0	0	0	0	0	0	2	0	0	0	0	0	0	0	0	0	0	0	0	0	1	0	0	0	0	0	0	0	0	0	0	0	0	0	0	0	0	0	0	0	0	73	1	0	14	0	0	0	0	0	0	0	0
ASV_296	0	0	0	0	0	0	0	0	0	0	0	0	0	0	0	0	0	0	0	0	0	0	0	0	0	0	0	0	0	0	0	0	0	0	0	0	0	1	0	0	0	0	0	0	0	0	0	0	0	0	0	0	0	0	0	0	0	0	0	0	0	0	88	0	2	0	0	0	0	0	0	0	0	0	0	0	0	0	0	0	0	0	0	0
ASV_236	0	0	0	0	0	0	0	0	8	0	0	0	0	0	0	1	0	0	0	0	0	0	0	0	0	0	2	0	0	0	0	0	0	0	0	0	0	0	0	0	0	0	0	0	0	1	4	0	0	0	0	2	0	2	0	1	0	0	0	0	0	0	0	0	11	2	0	0	1	0	0	0	30	0	0	0	9	5	7	1	2	0	0	1
ASV_266	0	0	0	0	0	0	0	0	0	0	0	0	0	0	0	0	0	0	0	0	0	0	0	0	0	1	0	0	0	0	0	0	0	0	0	0	0	0	0	0	0	0	0	0	0	0	0	0	0	0	0	0	0	0	0	6	10	18	22	28	5	0	0	0	0	0	0	0	0	0	0	0	0	0	0	0	0	0	0	0	0	0	0	0
ASV_363	0	0	0	0	0	0	0	0	0	0	0	1	0	0	0	0	0	0	0	0	0	0	0	0	0	0	0	0	0	0	1	0	1	0	3	3	0	0	0	0	0	0	0	0	0	1	0	0	0	0	0	2	0	0	0	0	0	6	0	2	1	0	0	1	0	0	0	6	0	0	16	0	0	0	14	0	0	10	22	0	0	0	0	0
ASV_388	0	0	0	0	0	0	0	0	0	0	0	0	0	0	0	0	0	0	0	3	0	0	0	0	0	0	0	0	2	4	0	9	0	0	1	0	0	0	1	0	0	0	0	0	0	0	0	0	0	0	0	0	0	3	0	0	0	0	3	0	0	0	0	6	0	1	16	0	0	1	0	0	0	5	0	0	16	0	0	0	0	0	19	0
ASV_426	0	0	0	0	1	0	0	0	0	0	0	0	0	0	0	0	0	0	0	0	0	0	0	1	0	0	0	0	0	0	0	0	0	0	0	0	1	0	0	0	0	0	0	0	0	3	0	0	0	0	3	0	0	0	0	0	7	0	0	0	0	0	0	0	0	0	19	0	0	0	0	1	52	0	0	0	0	0	0	0	2	0	0	0
ASV_324	0	0	0	0	0	1	1	0	0	0	2	0	0	0	0	0	0	0	0	0	0	0	0	13	0	0	0	0	0	0	0	0	2	2	0	0	0	0	0	0	0	0	0	0	1	0	1	0	0	0	0	0	31	0	0	0	0	0	0	0	0	0	0	0	1	0	0	0	0	19	0	10	0	0	0	5	0	0	0	0	0	0	0	0
ASV_325	0	0	0	0	0	0	13	0	0	0	9	0	0	0	0	0	0	0	0	0	0	0	0	0	0	0	0	0	0	0	0	0	0	0	0	0	0	1	0	0	0	0	0	0	0	0	0	0	0	0	0	0	0	0	0	1	11	0	0	19	0	0	0	0	0	0	0	35	0	0	0	0	0	0	0	0	0	0	0	0	0	0	0	0
ASV_443	0	0	0	0	0	0	0	0	2	0	0	0	0	0	0	0	0	0	0	2	0	0	0	5	0	3	0	0	0	0	0	0	0	0	0	0	0	0	1	0	0	0	0	0	0	4	0	3	0	0	0	0	0	0	1	0	4	12	9	1	0	0	0	0	0	0	0	0	1	0	16	0	24	0	0	0	0	0	0	0	0	1	0	0
ASV_242	0	0	0	0	2	1	2	0	0	3	1	2	0	0	0	0	0	0	0	0	0	0	3	0	0	0	0	0	0	0	0	0	0	0	0	0	0	0	1	0	0	0	0	0	2	0	0	0	0	0	0	0	0	0	0	0	0	0	0	0	19	1	0	0	0	0	0	0	0	0	0	0	0	0	0	0	19	32	0	0	0	0	0	0
ASV_385	0	0	0	0	0	0	0	1	7	0	0	1	1	0	0	0	0	0	0	0	0	0	0	1	0	0	0	1	0	0	0	0	0	0	0	0	8	0	0	2	0	0	0	0	0	8	10	2	3	5	1	0	0	0	0	0	0	5	1	0	0	2	0	0	0	0	0	0	0	23	0	0	0	0	0	1	0	0	0	1	3	1	0	0
ASV_414	0	0	0	0	0	0	0	0	0	0	0	0	0	0	0	0	0	0	0	0	0	1	0	0	0	0	0	0	0	0	0	0	0	0	0	0	0	1	0	0	0	0	0	0	0	10	37	0	0	0	0	0	0	0	0	0	1	0	10	0	0	0	0	0	0	21	0	0	0	0	0	7	0	0	0	0	0	0	0	0	0	0	0	0
ASV_297	0	0	0	0	0	0	0	0	0	0	0	0	0	0	0	0	0	0	0	0	0	0	0	0	0	0	1	0	0	0	0	0	0	0	0	0	0	0	0	0	0	0	0	1	0	0	0	0	0	35	0	3	0	0	0	0	0	0	47	0	0	0	0	0	0	0	0	0	0	0	0	0	0	0	0	0	0	0	0	0	0	0	0	0
ASV_387	0	0	0	0	0	0	0	0	0	0	0	0	0	0	0	0	0	1	0	0	1	1	1	7	0	1	0	0	0	0	2	0	0	5	0	0	1	0	3	0	0	0	0	0	1	0	1	0	0	1	2	0	0	2	0	0	2	4	18	4	0	0	0	0	0	0	0	0	0	0	0	0	22	3	3	0	0	0	0	0	0	1	0	0
ASV_238	0	0	0	0	0	0	0	0	0	0	0	0	1	0	0	0	0	0	0	0	0	4	0	0	1	0	0	1	0	0	0	1	0	0	0	2	0	0	1	0	2	0	31	0	0	2	0	1	0	1	0	0	4	0	0	7	0	2	5	1	0	0	0	0	0	0	0	0	0	0	0	2	0	12	0	0	0	2	1	2	0	0	0	0
ASV_328	0	0	0	0	0	0	0	0	0	0	0	0	0	0	0	0	0	0	0	0	0	0	0	0	0	0	0	0	0	0	1	0	0	0	0	0	0	0	0	0	0	0	0	0	0	0	0	0	1	2	0	0	0	0	0	0	8	14	31	0	0	0	0	0	0	0	0	0	0	0	0	8	18	0	0	0	0	0	0	0	0	2	0	0
ASV_339	1	0	0	0	3	0	0	0	3	0	0	0	0	23	0	0	0	0	0	0	0	1	0	0	1	0	0	0	0	0	0	0	1	0	0	0	0	0	0	3	1	0	1	0	1	0	0	0	0	12	0	0	0	11	1	1	2	8	1	4	0	0	0	3	2	0	0	0	1	0	0	0	0	0	0	0	0	0	0	0	0	0	0	0
ASV_360	0	0	0	0	0	0	0	1	0	0	0	0	0	0	0	0	0	0	0	1	0	0	0	0	0	0	0	4	0	0	0	0	0	0	0	0	0	0	1	0	0	0	0	0	0	0	0	0	0	0	0	0	0	0	0	3	7	0	67	0	0	0	0	0	0	0	0	0	0	0	0	0	0	0	0	0	0	0	0	0	0	0	0	0
ASV_268	0	0	0	0	0	0	2	0	0	0	0	0	0	0	0	0	0	0	0	0	0	0	0	0	0	0	0	0	0	0	0	0	0	0	0	0	0	0	0	0	0	0	0	0	0	0	0	0	0	0	0	0	0	0	0	4	0	0	1	0	0	1	0	0	0	0	0	22	1	1	1	0	50	0	0	0	0	0	0	0	0	0	0	0
ASV_308	0	0	0	0	0	0	0	0	0	0	0	0	0	0	0	0	0	0	0	0	0	0	0	0	0	0	0	0	0	0	0	0	0	0	0	0	0	0	0	0	0	0	0	0	0	0	0	0	0	0	0	0	0	0	0	0	0	1	82	0	0	0	0	0	0	0	0	0	0	0	0	0	0	0	0	0	0	0	0	0	0	0	0	0
ASV_276	0	0	0	0	0	0	0	0	0	0	0	0	0	0	0	0	0	0	0	0	0	0	0	0	0	0	0	0	0	0	0	0	0	0	0	0	0	0	0	0	0	0	0	0	0	0	0	0	0	0	0	0	0	0	0	0	0	0	41	0	0	4	0	0	0	0	1	0	0	0	0	3	32	0	0	0	0	0	0	0	1	0	0	0
ASV_282	0	0	0	0	0	0	0	0	0	0	0	0	0	0	0	0	0	0	0	0	0	0	0	0	0	0	0	0	0	0	0	0	0	0	0	0	0	0	0	0	0	0	0	0	0	4	0	0	0	0	0	0	0	0	0	0	0	0	0	0	0	0	0	0	0	0	0	0	1	0	18	0	59	0	0	0	0	0	0	0	0	0	0	0
ASV_317	0	0	0	0	0	0	0	0	0	0	0	0	0	0	0	0	0	0	0	0	0	0	0	0	0	0	0	0	0	0	0	0	0	0	0	0	0	0	0	0	0	0	0	0	0	0	0	0	0	0	0	0	0	0	0	0	0	0	82	0	0	0	0	0	0	0	0	0	0	0	0	0	0	0	0	0	0	0	0	0	0	0	0	0
ASV_322	0	0	0	0	0	0	0	0	0	0	0	0	0	0	0	0	0	0	0	0	0	0	0	0	0	0	0	0	0	0	0	0	0	0	0	0	0	0	0	0	0	0	0	0	0	8	0	0	0	0	0	0	0	0	0	0	0	0	14	0	0	0	0	0	0	0	0	0	1	3	6	1	44	0	0	0	1	0	0	0	4	0	0	0
ASV_449	0	0	0	0	0	1	6	0	0	0	4	0	0	1	0	0	0	0	0	0	0	0	0	0	0	0	0	0	0	0	0	0	0	0	0	0	0	0	0	0	0	1	0	0	0	0	0	0	0	0	0	0	0	0	0	0	0	41	0	0	0	0	0	0	0	0	0	0	0	0	28	0	0	0	0	0	0	0	0	0	0	0	0	0
ASV_275	0	0	0	0	0	0	0	0	0	0	0	0	0	0	0	0	0	0	0	0	0	0	0	0	0	0	0	0	0	0	0	0	0	0	0	0	0	0	0	0	0	0	0	0	0	0	0	0	0	0	0	0	0	0	0	0	0	0	81	0	0	0	0	0	0	0	0	0	0	0	0	0	0	0	0	0	0	0	0	0	0	0	0	0
ASV_330	0	0	0	0	0	0	0	0	0	0	0	0	0	0	0	0	0	0	0	0	0	0	0	0	0	0	0	0	0	0	0	0	0	0	0	0	0	0	0	0	0	0	0	0	0	0	0	0	0	0	0	0	0	0	0	0	0	0	0	0	0	0	81	0	0	0	0	0	0	0	0	0	0	0	0	0	0	0	0	0	0	0	0	0
ASV_374	0	0	0	0	0	1	1	0	0	2	0	0	0	0	0	0	0	0	0	0	0	0	2	0	0	0	0	0	0	0	0	0	0	0	0	0	0	1	1	0	0	4	0	0	1	7	11	0	0	3	0	0	0	0	0	0	4	30	0	8	0	0	0	0	0	0	0	0	0	1	0	0	0	0	0	1	0	0	0	0	3	0	0	0
ASV_279	0	0	0	0	0	0	0	0	0	0	3	0	0	0	0	0	0	0	0	0	0	0	0	0	0	0	0	0	0	0	0	0	0	0	0	0	0	0	0	0	0	0	0	0	0	0	0	0	0	0	0	0	0	0	0	0	0	0	77	0	0	0	0	0	0	0	0	0	0	0	0	0	0	0	0	0	0	0	0	0	0	0	0	0
ASV_287	0	0	0	0	0	0	0	0	0	0	0	0	0	0	0	0	0	0	0	0	0	0	0	0	0	0	0	0	0	0	0	0	0	0	0	0	0	0	0	0	0	0	0	0	0	0	0	0	0	0	0	0	0	0	0	0	0	0	20	0	0	0	0	0	50	1	0	0	0	0	0	0	0	9	0	0	0	0	0	0	0	0	0	0
ASV_301	0	0	0	0	0	0	1	0	0	0	0	1	0	0	0	1	0	0	0	0	0	0	0	1	0	0	0	2	0	0	2	0	0	0	0	0	0	0	0	1	0	0	0	0	0	0	0	0	6	0	0	0	0	0	0	0	9	2	17	36	0	0	0	0	0	0	0	0	0	0	0	0	0	0	0	0	0	0	1	0	0	0	0	0
ASV_375	0	0	0	0	0	0	9	0	0	0	0	0	0	0	0	0	0	0	0	0	0	0	0	0	0	0	0	0	0	0	0	0	0	0	0	0	0	0	0	0	0	2	0	0	0	0	0	0	0	0	0	0	0	0	0	0	11	3	1	0	1	13	0	0	0	0	0	0	1	0	0	0	0	0	0	0	0	0	39	0	0	0	0	0
ASV_270	0	0	0	0	0	0	0	0	0	0	0	0	0	0	0	0	0	0	0	0	0	0	0	0	2	0	0	0	0	0	0	0	0	0	0	0	0	0	0	0	0	0	0	0	0	0	3	0	0	0	2	0	0	0	0	0	1	2	0	0	0	0	0	0	0	0	38	0	0	0	0	0	0	0	0	0	0	0	26	0	3	0	0	2
ASV_299	1	0	0	0	0	0	0	0	4	1	0	0	0	0	1	2	0	3	0	0	2	1	0	0	0	0	2	0	0	1	0	0	0	1	0	0	0	0	0	0	0	0	0	0	0	0	3	0	0	0	0	0	0	0	0	2	0	2	8	0	2	0	14	0	24	1	0	0	0	0	0	1	0	0	0	0	0	0	0	0	0	2	1	0
ASV_323	0	0	0	0	0	0	0	0	0	0	0	0	0	0	0	0	0	0	0	0	0	0	0	0	0	0	0	0	0	0	0	0	0	0	0	0	0	0	0	0	0	0	0	0	0	0	0	0	0	0	0	0	0	0	0	0	0	0	0	0	0	0	0	0	0	0	0	53	0	0	0	1	25	0	0	0	0	0	0	0	0	0	0	0
ASV_373	0	0	0	0	0	0	0	0	0	0	0	0	0	0	0	0	0	0	0	0	0	0	0	0	0	0	4	0	0	0	0	0	0	0	0	0	0	0	0	0	0	0	0	0	0	5	0	0	0	0	0	0	0	0	0	0	0	0	3	0	0	0	0	0	0	0	0	0	0	8	0	0	59	0	0	0	0	0	0	0	0	0	0	0
ASV_409	0	2	0	0	0	0	0	0	0	0	0	0	1	1	0	0	0	0	0	0	1	0	0	0	0	0	0	0	0	3	0	0	0	0	0	2	0	1	0	0	0	0	0	0	0	4	0	0	55	0	0	0	0	2	0	0	0	0	0	0	0	0	0	0	0	0	0	0	0	0	0	0	0	0	0	0	0	0	7	0	0	0	0	0
ASV_370	1	0	0	0	0	1	0	0	0	0	0	0	0	0	0	0	0	0	0	0	0	0	0	0	0	0	0	0	0	0	0	0	0	0	0	0	0	0	0	0	0	0	0	0	0	0	0	0	1	52	0	0	0	2	0	0	1	0	1	4	0	0	0	0	0	0	0	0	0	0	0	0	0	0	0	0	0	0	0	0	15	0	0	0
ASV_392	0	0	0	0	0	0	0	0	0	0	0	0	0	0	0	0	0	0	0	0	0	0	0	0	0	0	1	0	0	0	0	0	0	0	0	0	0	0	0	0	0	0	0	0	0	0	0	0	0	0	0	0	0	0	0	0	0	0	59	0	0	0	0	0	0	18	0	0	0	0	0	0	0	0	0	0	0	0	0	0	0	0	0	0
ASV_413	0	0	0	0	0	0	2	0	0	0	0	0	0	0	0	0	1	16	0	0	0	0	0	0	0	0	0	0	0	0	0	0	0	0	0	0	0	5	0	0	0	0	0	0	0	0	0	0	2	0	0	0	0	0	0	0	4	0	0	0	0	0	0	0	0	12	0	0	0	11	0	0	0	0	17	0	0	0	0	8	0	0	0	0
ASV_306	0	0	0	0	0	0	0	0	0	0	0	0	0	0	0	0	0	0	0	0	0	0	0	0	0	0	0	0	0	0	0	0	0	0	0	0	0	0	0	0	0	0	0	0	0	0	0	0	0	7	0	0	0	0	0	0	0	16	0	4	0	0	0	0	0	0	0	0	0	0	0	10	39	0	0	0	0	0	0	0	1	0	0	0
ASV_309	0	0	0	0	0	0	0	0	0	0	0	0	0	0	0	0	0	0	0	0	0	0	0	0	0	0	0	0	0	0	0	0	0	0	0	0	0	0	0	0	0	0	0	0	0	0	0	0	0	0	0	0	0	0	0	0	0	0	0	0	0	0	0	0	0	0	0	0	0	0	0	0	77	0	0	0	0	0	0	0	0	0	0	0
ASV_352	0	0	0	0	0	0	1	0	0	0	0	0	0	0	0	0	0	0	0	0	0	0	0	3	0	0	0	0	0	0	0	0	0	0	3	0	0	0	0	0	0	0	0	0	0	0	0	0	0	0	0	0	0	0	0	0	0	0	7	0	0	0	0	0	0	0	0	0	0	0	0	0	63	0	0	0	0	0	0	0	0	0	0	0
ASV_395	0	0	0	0	0	0	0	0	0	0	0	0	0	0	0	0	0	0	0	0	0	0	0	0	0	5	0	0	0	0	0	0	0	3	0	0	0	0	0	0	0	0	0	0	0	0	0	0	0	0	0	0	0	0	6	0	0	0	0	6	0	0	56	1	0	0	0	0	0	0	0	0	0	0	0	0	0	0	0	0	0	0	0	0
ASV_386	0	0	0	0	0	0	0	0	0	0	0	0	0	0	0	3	0	0	0	0	0	0	0	6	0	0	0	0	0	0	0	0	0	0	0	0	0	0	0	0	0	0	0	0	0	0	0	0	0	17	0	0	0	0	0	0	0	0	0	0	0	0	24	0	0	0	0	0	0	18	0	0	0	0	7	0	0	0	0	0	0	1	0	0
ASV_400	0	0	0	0	0	0	0	0	9	0	0	0	0	0	0	0	0	0	0	0	0	0	0	0	0	0	0	0	1	0	0	0	0	0	0	0	0	0	1	0	0	0	0	0	0	2	0	0	0	0	0	0	0	0	0	6	10	5	13	0	0	0	0	0	0	0	0	0	0	0	0	0	0	0	0	0	27	0	0	1	0	0	0	0
ASV_357	0	0	0	0	0	0	1	0	0	0	0	0	0	0	0	0	0	0	0	0	0	0	0	0	1	0	0	0	0	0	0	6	0	1	0	0	0	0	0	0	0	0	0	0	0	2	0	0	0	4	0	0	0	1	0	3	3	9	10	15	0	3	0	0	0	0	4	0	0	0	0	0	0	0	1	0	0	0	0	0	8	0	2	0
ASV_380	0	0	0	0	0	0	0	0	0	0	0	0	0	0	0	0	0	0	0	0	0	0	0	0	0	0	0	0	0	0	0	0	0	0	0	0	0	0	0	0	0	0	0	0	0	21	1	0	0	0	0	0	0	0	0	0	0	0	0	0	0	0	0	0	0	0	0	0	1	12	12	0	26	0	0	0	0	0	0	0	0	0	0	0
ASV_439	0	0	0	0	0	2	0	1	0	0	0	0	0	0	0	0	0	1	0	0	0	0	0	0	0	0	0	0	0	1	0	0	0	0	0	14	0	0	0	0	0	0	0	0	0	0	1	0	0	0	0	6	0	0	0	23	0	11	0	0	0	0	0	0	0	0	0	0	0	0	0	0	0	0	0	0	13	0	0	0	0	0	0	0
ASV_332	0	0	0	0	0	1	0	0	6	0	0	0	0	0	0	0	0	0	0	0	0	0	0	0	0	0	0	0	0	0	0	0	0	0	0	0	0	0	0	0	0	0	0	0	0	12	0	0	0	0	0	0	0	0	0	0	0	0	0	0	0	0	0	0	0	0	0	0	0	25	17	0	0	0	0	0	0	0	1	0	6	0	0	4
ASV_366	0	0	0	0	0	0	0	0	0	0	0	0	0	0	0	0	0	0	0	0	0	0	0	0	0	0	0	0	0	0	0	0	0	0	0	0	0	0	0	0	0	0	1	0	0	0	0	0	0	0	0	0	0	0	1	0	0	0	70	0	0	0	0	0	0	0	0	0	0	0	0	0	0	0	0	0	0	0	0	0	0	0	0	0
ASV_372	0	0	0	0	0	0	0	0	0	0	0	0	3	0	0	0	0	0	0	0	2	0	0	0	0	11	0	0	0	0	0	0	0	0	0	0	1	0	0	0	0	0	0	5	4	2	0	3	0	4	0	0	0	0	0	1	0	0	4	0	0	0	0	0	0	0	0	0	0	11	0	20	0	0	0	0	0	0	0	1	0	0	0	0
ASV_393	0	0	0	0	0	0	0	0	0	0	0	0	0	0	0	0	0	0	0	0	0	0	0	0	0	0	0	0	0	0	0	0	0	0	0	0	0	0	0	0	0	0	0	0	0	22	0	0	0	0	0	0	0	0	0	0	0	0	0	0	0	0	0	0	0	0	0	0	0	9	13	1	0	0	0	0	0	0	0	0	27	0	0	0
ASV_311	0	0	0	0	0	0	0	0	0	0	0	0	0	0	0	0	0	0	0	0	0	0	0	0	0	0	0	0	0	0	0	0	0	0	0	9	0	0	0	0	0	0	0	0	0	21	0	0	0	0	0	0	0	0	0	0	0	0	0	0	0	0	0	0	0	0	0	0	0	7	0	0	33	0	0	1	0	0	0	0	0	0	0	0
ASV_337	0	0	0	0	0	0	0	0	0	0	0	0	0	0	0	0	0	0	0	0	0	0	2	0	0	0	0	0	0	0	0	0	0	0	0	0	0	0	0	0	0	0	0	0	0	14	1	0	0	0	0	0	0	0	0	0	0	1	0	0	0	0	0	0	0	0	0	0	0	16	0	0	37	0	0	0	0	0	0	0	0	0	0	0
ASV_358	0	0	0	0	0	0	0	0	0	0	0	0	0	0	0	0	0	0	0	0	0	0	0	0	0	2	0	0	0	0	0	0	0	0	0	5	3	0	0	0	0	0	0	0	0	0	0	0	0	0	0	0	0	0	0	0	0	0	0	0	0	0	0	0	0	0	0	0	0	0	0	0	42	0	0	4	14	0	0	1	0	0	0	0
ASV_371	0	0	0	0	0	0	0	0	0	0	1	0	0	0	0	0	0	0	0	0	0	0	4	0	0	0	0	0	0	0	0	0	0	0	0	0	0	0	0	0	0	0	0	2	0	14	0	0	0	0	0	0	8	0	0	0	0	0	0	4	0	0	0	0	0	0	0	0	0	0	17	0	0	0	0	0	0	0	0	0	20	0	0	0
ASV_410	0	0	0	0	0	0	0	0	0	1	0	0	0	0	0	0	0	0	0	0	0	0	0	0	0	3	0	0	0	0	0	0	0	0	0	0	3	0	0	0	0	0	0	0	0	2	0	0	0	48	0	0	0	0	0	0	0	0	6	4	0	0	0	0	0	0	0	0	0	0	0	0	0	0	0	0	0	0	0	0	0	3	0	0
ASV_369	0	0	0	0	0	0	0	0	0	0	0	0	0	0	0	0	0	0	0	0	0	0	0	0	0	0	0	0	0	0	0	0	0	0	0	0	0	0	0	0	0	0	0	0	0	0	0	0	0	0	0	0	0	0	0	0	0	0	0	0	0	0	0	0	0	0	0	0	0	0	0	0	68	0	0	0	0	0	0	0	0	0	0	0
ASV_378	0	0	0	0	0	0	0	0	0	0	0	0	0	0	0	0	0	0	0	0	0	0	0	0	0	0	0	0	0	0	0	0	0	0	0	0	0	0	0	0	0	0	1	0	0	0	0	0	0	0	0	0	0	0	0	0	0	0	67	0	0	0	0	0	0	0	0	0	0	0	0	0	0	0	0	0	0	0	0	0	0	0	0	0
ASV_408	0	0	0	0	0	0	0	0	0	0	0	0	0	0	0	0	0	0	0	0	0	0	0	0	0	0	0	0	0	0	0	0	0	0	0	0	0	0	0	0	0	0	0	0	0	0	0	0	1	0	0	0	0	0	0	0	0	0	0	0	0	0	0	0	0	0	0	0	1	0	0	0	45	0	0	0	0	20	0	0	1	0	0	0
ASV_338	0	0	0	0	0	0	0	0	0	0	0	0	0	0	0	0	0	0	0	0	0	0	0	0	0	0	0	0	0	0	0	0	0	0	0	0	0	0	0	0	0	0	0	0	0	8	0	0	0	0	0	0	0	0	0	0	0	0	0	0	0	0	0	0	0	0	0	0	0	16	0	0	35	0	0	0	0	0	0	2	6	0	0	0
ASV_350	0	0	0	0	0	0	0	0	0	0	0	0	0	0	0	0	0	0	0	0	0	0	0	0	0	0	0	0	0	0	0	0	0	0	0	0	0	0	0	0	0	0	0	0	0	0	0	0	0	0	0	0	0	0	0	0	0	0	0	0	0	0	0	0	67	0	0	0	0	0	0	0	0	0	0	0	0	0	0	0	0	0	0	0
ASV_347	0	0	0	0	0	0	0	0	0	0	0	0	0	0	0	0	0	0	0	0	0	0	2	0	0	0	0	0	0	0	0	0	0	0	0	0	0	0	0	0	0	0	0	0	0	9	0	0	0	0	0	0	0	0	0	0	0	0	0	0	0	0	0	0	0	0	0	0	0	37	0	0	0	0	0	0	0	0	0	0	18	0	0	0
ASV_401	0	0	0	0	0	0	0	0	0	0	0	0	0	2	0	0	0	0	0	0	0	0	0	0	1	0	2	0	0	0	0	0	0	0	0	6	0	0	0	0	6	0	0	7	0	0	3	2	0	4	0	1	0	1	0	1	0	0	1	4	2	4	0	0	0	2	0	2	2	0	2	3	0	1	0	2	1	0	1	0	0	0	2	1
ASV_446	0	0	0	0	0	0	1	0	0	0	0	0	0	0	0	0	0	0	0	0	0	0	0	0	0	0	0	0	0	0	1	0	0	0	0	0	0	0	0	0	0	0	0	0	0	0	0	0	0	0	0	0	51	0	0	13	0	0	0	0	0	0	0	0	0	0	0	0	0	0	0	0	0	0	0	0	0	0	0	0	0	0	0	0
ASV_381	0	0	0	0	0	4	0	0	0	0	0	0	0	0	0	0	0	0	0	0	0	0	1	0	0	0	0	0	0	0	0	0	0	0	0	0	0	0	0	0	0	0	0	0	0	12	0	0	0	0	0	0	0	8	0	0	0	0	0	0	0	0	0	0	0	0	0	0	0	23	14	0	0	0	0	0	0	0	0	0	3	0	0	0
ASV_411	0	0	0	0	0	0	2	0	0	0	1	1	0	0	0	0	0	0	0	0	0	0	0	0	1	0	1	1	0	0	2	0	0	0	0	0	0	0	0	0	0	0	0	0	0	0	0	0	6	0	0	0	1	0	0	2	2	12	33	0	0	0	0	0	0	0	0	0	0	0	0	0	0	0	0	0	0	0	0	0	0	0	0	0
ASV_361	0	0	0	0	0	0	0	0	0	0	0	0	0	0	1	0	0	0	0	0	0	0	0	0	0	0	0	0	0	0	0	0	0	0	0	0	0	0	0	0	0	0	0	0	0	3	0	0	0	0	1	0	0	0	0	0	0	1	0	0	0	0	0	0	0	0	0	0	0	12	0	0	30	0	0	6	0	0	7	0	3	0	0	0
ASV_402	0	0	0	0	0	0	0	0	0	0	0	0	0	0	0	0	0	0	0	0	0	0	0	0	0	0	0	0	0	0	0	0	0	3	0	0	0	0	0	0	0	0	0	0	0	0	0	0	0	0	0	0	1	0	0	0	0	0	0	0	0	0	0	0	0	0	0	60	0	0	0	0	0	0	0	0	0	0	0	0	0	0	0	0
ASV_356	0	0	0	0	0	0	0	0	0	0	0	0	0	0	0	0	0	0	0	1	3	0	0	3	0	5	0	0	0	0	0	0	0	0	3	0	0	0	0	0	0	0	0	0	0	1	0	0	0	0	0	0	0	0	0	0	0	0	0	0	0	0	0	1	0	9	0	0	0	0	0	0	0	0	5	0	0	0	24	0	5	0	0	3
ASV_421	0	0	0	0	0	0	0	0	0	0	0	0	0	0	0	0	0	30	1	0	0	0	0	0	0	0	0	0	0	0	2	0	0	0	0	14	0	0	0	0	0	0	0	0	0	0	0	0	0	0	0	0	0	0	0	0	0	0	0	0	0	0	0	0	0	0	0	0	15	0	0	1	0	0	0	0	0	0	0	0	0	0	0	0
ASV_435	0	0	0	0	0	0	2	0	0	0	0	0	0	0	0	0	0	0	0	0	0	0	0	0	0	0	0	0	0	0	0	0	1	0	0	0	0	0	0	0	0	0	0	0	0	0	0	0	0	4	1	1	0	0	0	0	0	0	54	0	0	0	0	0	0	0	0	0	0	0	0	0	0	0	0	0	0	0	0	0	0	0	0	0
ASV_419	0	0	0	0	0	0	0	0	0	0	0	0	0	0	0	0	0	0	0	0	0	0	0	0	0	0	0	0	0	0	0	0	0	0	0	0	0	0	0	0	0	0	0	0	0	3	0	0	1	0	0	0	0	0	0	0	0	0	0	0	0	0	0	0	0	0	0	0	0	0	0	0	57	0	1	0	0	0	0	0	0	0	0	0
ASV_345	0	0	0	0	0	0	0	0	0	0	0	0	0	0	0	0	0	0	0	0	0	0	0	0	0	0	0	0	0	0	0	0	0	0	0	0	0	0	0	0	0	0	0	0	0	0	0	0	0	0	0	0	0	0	0	1	0	0	59	0	0	0	0	0	0	0	0	0	0	0	0	0	0	0	0	0	0	0	0	0	0	0	0	0
ASV_394	0	0	0	0	0	0	0	0	0	0	0	0	0	0	0	0	0	0	0	0	0	0	0	0	0	0	0	0	0	0	0	0	0	0	0	0	0	0	0	0	0	0	0	0	0	0	0	0	0	0	0	1	0	1	0	0	0	0	0	0	0	0	0	0	0	0	0	0	0	0	0	0	57	0	0	1	0	0	0	0	0	0	0	0
ASV_406	0	0	0	0	0	0	0	0	0	0	0	0	0	0	0	0	0	0	0	0	0	0	0	0	0	0	0	0	0	0	0	0	0	0	0	0	0	0	0	0	0	0	0	0	0	0	0	0	0	0	0	0	0	0	0	0	0	0	59	0	0	0	0	0	0	0	0	0	0	0	0	0	0	0	0	0	0	0	0	0	0	0	0	0
ASV_440	0	0	0	0	0	0	0	1	0	0	1	0	0	0	0	0	0	0	0	0	0	0	0	0	0	0	0	0	0	0	0	0	0	0	0	0	0	0	0	0	0	0	0	0	0	9	0	0	0	0	0	0	0	0	0	0	0	0	0	0	0	0	0	0	0	0	0	0	0	12	36	0	0	0	0	0	0	0	0	0	0	0	0	0
ASV_379	0	0	0	0	0	0	0	0	0	0	0	0	0	0	0	0	0	0	0	0	0	0	0	0	0	0	0	0	0	0	0	0	0	0	0	0	0	0	0	0	0	0	0	0	0	3	0	0	0	0	0	0	0	0	0	0	0	0	0	0	0	0	0	0	0	0	0	0	0	0	0	0	54	0	0	0	0	0	0	0	1	0	0	0
ASV_418	0	0	0	0	0	0	0	0	0	0	0	0	0	0	0	0	0	0	0	0	0	0	0	0	0	0	0	0	0	0	0	1	0	0	0	0	0	0	0	0	0	0	0	0	0	0	0	0	0	0	0	0	0	0	0	0	0	0	0	0	0	0	53	0	0	0	0	0	0	0	1	0	0	0	0	0	0	0	0	0	0	0	0	3
ASV_405	0	0	0	0	0	0	0	0	0	0	0	0	0	0	0	0	0	0	0	0	0	0	0	0	0	0	0	0	0	0	0	0	0	0	0	0	0	0	0	0	0	0	0	0	0	0	0	0	0	0	0	0	0	0	0	1	0	0	55	0	0	0	0	0	0	0	0	0	0	0	0	0	0	0	0	0	0	0	0	0	0	0	0	0
ASV_422	0	0	0	0	0	0	0	0	0	0	0	0	0	0	0	0	0	0	1	0	0	0	0	0	0	0	0	0	0	0	0	3	0	0	3	0	0	0	0	0	0	0	0	0	0	0	0	0	0	0	0	0	0	0	0	3	5	0	21	4	0	0	0	0	7	2	0	0	0	0	0	6	0	0	0	0	0	0	0	0	1	0	0	0
ASV_428	0	0	0	0	0	0	0	0	0	0	0	0	0	0	0	0	0	0	0	0	0	0	1	0	0	0	0	0	0	0	0	0	0	0	0	0	0	0	0	0	0	0	0	0	0	6	0	0	0	0	0	0	0	0	0	0	0	2	0	0	0	0	0	0	0	0	0	0	0	0	7	1	36	0	0	1	0	0	0	0	1	0	0	0
ASV_448	0	0	0	0	0	0	0	1	0	0	0	0	0	0	0	0	0	0	0	0	0	0	0	0	0	0	0	0	0	0	0	0	0	0	0	0	0	0	0	0	0	0	0	0	0	0	0	0	0	0	0	0	0	0	1	0	0	51	2	0	0	0	0	0	0	0	0	0	0	0	0	0	0	0	0	0	0	0	0	0	0	0	0	0
ASV_416	0	0	0	0	0	0	0	0	0	0	0	0	0	0	0	1	0	0	0	0	0	0	0	0	0	0	0	0	0	0	0	0	0	0	0	0	0	0	0	0	5	0	0	0	0	0	0	0	0	0	0	0	0	0	0	0	2	3	0	5	22	0	0	0	15	0	0	0	0	0	0	0	0	0	0	0	0	0	0	0	0	0	0	0
ASV_445	0	0	0	0	0	0	0	0	0	0	0	0	0	0	0	0	0	0	0	0	0	0	0	0	0	0	0	0	0	0	0	0	0	0	0	0	0	0	0	0	0	0	0	0	0	0	0	0	0	0	1	0	0	0	0	0	0	0	0	0	13	0	0	0	0	0	2	1	15	0	1	0	0	0	0	2	16	0	0	0	0	0	1	1
ASV_420	1	0	0	0	0	0	0	0	0	0	0	0	0	0	0	1	0	0	0	0	0	0	0	1	1	0	0	0	0	0	4	0	1	0	1	0	0	0	1	1	0	0	0	0	0	0	0	0	0	0	0	0	0	0	0	1	2	4	33	0	0	0	0	0	0	0	0	0	0	0	0	0	0	0	0	0	0	0	0	0	0	0	0	0
ASV_429	0	0	0	0	0	0	0	0	0	0	0	0	0	0	0	0	0	0	0	0	0	0	0	0	0	0	0	0	0	0	0	0	0	0	0	0	0	0	0	0	0	0	0	0	0	0	0	0	0	0	0	0	1	0	0	0	0	0	49	0	0	0	0	0	0	0	0	0	0	0	0	0	0	0	0	0	0	0	0	0	0	0	0	0
ASV_447	0	0	0	0	0	0	0	0	0	0	0	0	0	0	0	0	0	0	0	0	0	0	0	0	0	1	0	0	0	0	0	0	0	0	0	0	0	0	0	0	0	0	0	0	0	0	0	0	0	0	0	0	0	0	0	1	7	22	3	0	5	0	4	0	0	0	0	0	0	0	0	0	0	0	0	0	0	0	0	0	0	0	0	4
ASV_437	0	0	0	0	0	0	0	0	0	0	0	0	0	0	0	0	0	0	0	0	0	0	0	0	0	0	0	0	0	0	0	0	0	0	0	0	0	0	0	0	0	0	0	0	0	0	0	0	0	0	0	0	0	0	0	0	0	0	0	0	0	0	0	0	0	0	0	0	0	7	10	0	17	0	0	0	0	0	11	0	0	0	0	0
ASV_6	0	0	0	0	0	0	0	0	0	0	0	0	0	0	0	0	0	0	0	0	0	0	0	0	0	0	0	0	0	0	0	0	0	0	0	0	0	0	0	0	0	0	0	0	0	0	1	0	0	0	1	0	0	0	0	0	0	0	0	1	1	0	0	0	0	0	0	0	0	0	0	0	0	0	0	0	0	1	0	0	0	0	0	0
